7 Nodos 
6 Elementos 
2 Nodos por elemento 
1 grados de libertad por nodo 
Elementos 
 #Elemento n1 n2 A(m^2)  E (Pa) 
 1  1  2  1.0000e-03  2.1000e+11  
 2  2  3  1.0000e-03  2.1000e+11  
 3  3  4  1.0000e-03  2.1000e+11  
 4  4  5  1.0000e-03  2.1000e+11  
 5  5  6  1.0000e-03  2.1000e+11  
 6  6  7  1.0000e-03  2.1000e+11  
Fin Elementos 
Nodos 
 #nodo X Y  vins  Ux  Fx 
1  0.0000  0.0  -1 0.0 -20.8333 
2  0.2500  0.0  -1 0.0 -125.0000 
3  0.5000  0.0  -1 0.0 -250.0000 
4  0.7500  0.0  -1 0.0 -375.0000 
5  1.0000  0.0  -1 0.0 -500.0000 
6  1.2500  0.0  -1 0.0 -625.0000 
 7  1.5000  0.0  1 0.0  0.0 
# F(nnod) =  -354.1667 
Fin Nodos 
Resultados Desplazamientos
1 -5.3571e-06 
2 -5.3323e-06 
3 -5.1587e-06 
4 -4.6875e-06 
5 -3.7698e-06 
6 -2.2569e-06 
7 0.0000e+00 
