5.235330e-01
2.763026e-01
1.832607e-01
1.359913e-01
1.078725e-01
8.950780e-02
7.680035e-02
6.767250e-02
6.093887e-02
5.586145e-02
5.195343e-02
4.888232e-02
4.641638e-02
4.439203e-02
4.269281e-02
4.123517e-02
3.995870e-02
3.881942e-02
3.778496e-02
3.683134e-02
3.594057e-02
3.509904e-02
3.429635e-02
3.352447e-02
3.277717e-02
3.204958e-02
3.133788e-02
3.063906e-02
2.995078e-02
2.927121e-02
2.859896e-02
2.793298e-02
2.727249e-02
2.661697e-02
2.596610e-02
2.531971e-02
2.467776e-02
2.404036e-02
2.340767e-02
2.277994e-02
2.215749e-02
2.154067e-02
2.092988e-02
2.032553e-02
1.972803e-02
1.913784e-02
1.855539e-02
1.798109e-02
1.741537e-02
1.685863e-02
1.631124e-02
1.577357e-02
1.524593e-02
1.472864e-02
1.422196e-02
1.372614e-02
1.324139e-02
1.276788e-02
1.230578e-02
1.185519e-02
1.141619e-02
1.098886e-02
1.057322e-02
1.016926e-02
9.776968e-03
9.396287e-03
9.027145e-03
8.669447e-03
8.323077e-03
7.987900e-03
7.663765e-03
7.350505e-03
7.047938e-03
6.755871e-03
6.474100e-03
6.202409e-03
5.940577e-03
5.688374e-03
5.445565e-03
5.211911e-03
4.987168e-03
4.771092e-03
4.563435e-03
4.363950e-03
4.172390e-03
3.988509e-03
3.812062e-03
3.642807e-03
3.480505e-03
3.324918e-03
3.175814e-03
3.032966e-03
2.896147e-03
2.765140e-03
2.639728e-03
2.519703e-03
2.404860e-03
2.294999e-03
2.189928e-03
2.089458e-03
1.993406e-03
1.901596e-03
1.813855e-03
1.730017e-03
1.649923e-03
1.573417e-03
1.500349e-03
1.430574e-03
1.363954e-03
1.300353e-03
1.239643e-03
1.181699e-03
1.126402e-03
1.073635e-03
1.023288e-03
9.752563e-04
