5.709028e-01
2.816502e-01
1.853375e-01
1.370583e-01
1.086075e-01
9.018499e-02
7.756466e-02
6.859861e-02
6.205266e-02
5.715610e-02
5.340350e-02
5.045422e-02
4.807519e-02
4.610519e-02
4.443180e-02
4.297588e-02
4.168120e-02
4.050741e-02
3.942519e-02
3.841298e-02
3.745477e-02
3.653851e-02
3.565505e-02
3.479740e-02
3.396019e-02
3.313927e-02
3.233148e-02
3.153440e-02
3.074624e-02
2.996570e-02
2.919184e-02
2.842411e-02
2.766217e-02
2.690593e-02
2.615548e-02
2.541103e-02
2.467294e-02
2.394161e-02
2.321756e-02
2.250132e-02
2.179348e-02
2.109462e-02
2.040535e-02
1.972625e-02
1.905792e-02
1.840090e-02
1.775572e-02
1.712288e-02
1.650284e-02
1.589601e-02
1.530276e-02
1.472341e-02
1.415825e-02
1.360750e-02
1.307136e-02
1.254996e-02
1.204339e-02
1.155171e-02
1.107492e-02
1.061300e-02
1.016587e-02
9.733439e-03
9.315562e-03
8.912078e-03
8.522794e-03
8.147491e-03
7.785931e-03
7.437853e-03
7.102980e-03
6.781021e-03
6.471669e-03
6.174611e-03
5.889522e-03
5.616071e-03
5.353921e-03
5.102735e-03
4.862171e-03
4.631887e-03
4.411542e-03
4.200799e-03
3.999322e-03
3.806777e-03
3.622839e-03
3.447186e-03
3.279501e-03
3.119475e-03
2.966807e-03
2.821201e-03
2.682369e-03
2.550033e-03
2.423921e-03
2.303770e-03
2.189325e-03
2.080338e-03
1.976573e-03
1.877798e-03
1.783792e-03
1.694340e-03
1.609238e-03
1.528286e-03
1.451295e-03
1.378082e-03
1.308472e-03
1.242295e-03
1.179392e-03
1.119606e-03
1.062791e-03
1.008805e-03
9.575118e-04
