1.004008e+00
2.003992e-03
3.360161e-01
2.012019e-03
2.024242e-01
2.020088e-03
1.451751e-01
2.028200e-03
1.178995e-01
2.117481e-03
1.033739e-01
2.268724e-03
9.456505e-02
2.452147e-03
8.849419e-02
2.647053e-03
8.384305e-02
2.841526e-03
7.998612e-02
3.028871e-03
7.659861e-02
3.205011e-03
7.349604e-02
3.367121e-03
7.056626e-02
3.513045e-03
6.773868e-02
3.641073e-03
6.496894e-02
3.749887e-03
6.223031e-02
3.838550e-03
5.950836e-02
3.906506e-03
5.679735e-02
3.953573e-03
5.409766e-02
3.979925e-03
5.141389e-02
3.986065e-03
4.875339e-02
3.972794e-03
4.612519e-02
3.941169e-03
4.353915e-02
3.892461e-03
4.100525e-02
3.828109e-03
3.853315e-02
3.749676e-03
3.613179e-02
3.658805e-03
3.380912e-02
3.557179e-03
3.157197e-02
3.446478e-03
2.942590e-02
3.328350e-03
2.737520e-02
3.204384e-03
2.542289e-02
3.076082e-03
2.357080e-02
2.944842e-03
2.181962e-02
2.811949e-03
2.016903e-02
2.678562e-03
1.861782e-02
2.545715e-03
1.716401e-02
2.414310e-03
1.580496e-02
2.285128e-03
1.453751e-02
2.158826e-03
1.335808e-02
2.035949e-03
1.226281e-02
1.916938e-03
1.124759e-02
1.802136e-03
1.030819e-02
1.691801e-03
9.440352e-03
1.586114e-03
8.639780e-03
1.485186e-03
7.902252e-03
1.389070e-03
7.223635e-03
1.297771e-03
6.599922e-03
1.211249e-03
6.027256e-03
1.129428e-03
5.501950e-03
1.052206e-03
5.020495e-03
9.794546e-04
