-5.000000e+01 -2.500000e+01 0.000000e+00 0.000000e+00 0.000000e+00 0.000000e+00 0.000000e+00 0.000000e+00 0.000000e+00 5.000000e+01 1.000000e+02
-3.281844e+01 -2.352390e+01 -8.336736e+00 -1.429957e+00 -2.315865e-01 4.228677e-02 4.849695e-01 2.863658e+00 1.667412e+01 4.704791e+01 6.563691e+01
-2.571346e+01 -2.082640e+01 -1.106349e+01 -3.905423e+00 -9.210527e-01 2.354542e-01 1.994279e+00 7.842287e+00 2.213329e+01 4.165408e+01 5.142739e+01
-2.172975e+01 -1.866529e+01 -1.184951e+01 -5.566685e+00 -1.741956e+00 6.335768e-01 3.996103e+00 1.126076e+01 2.372901e+01 3.733764e+01 4.346244e+01
-1.912383e+01 -1.698687e+01 -1.190095e+01 -6.487418e+00 -2.291377e+00 1.160564e+00 5.729256e+00 1.331459e+01 2.389525e+01 3.399913e+01 3.825948e+01
-1.724950e+01 -1.564527e+01 -1.163430e+01 -6.886511e+00 -2.514414e+00 1.711413e+00 7.019486e+00 1.446153e+01 2.348689e+01 3.135883e+01 3.453419e+01
-1.580648e+01 -1.453042e+01 -1.121064e+01 -6.936395e+00 -2.485595e+00 2.226525e+00 7.912733e+00 1.503082e+01 2.283821e+01 2.920947e+01 3.169706e+01
-1.463327e+01 -1.356759e+01 -1.070201e+01 -6.760439e+00 -2.293008e+00 2.681915e+00 8.500673e+00 1.523462e+01 2.209281e+01 2.741150e+01 2.943634e+01
-1.363479e+01 -1.270749e+01 -1.014656e+01 -6.444263e+00 -2.005645e+00 3.072641e+00 8.866874e+00 1.520780e+01 2.131744e+01 2.587131e+01 2.757057e+01
-1.275235e+01 -1.191830e+01 -9.567415e+00 -6.045933e+00 -1.670631e+00 3.402385e+00 9.075799e+00 1.503655e+01 2.054495e+01 2.452530e+01 2.598695e+01
-1.194911e+01 -1.117988e+01 -8.979711e+00 -5.604014e+00 -1.317989e+00 3.678073e+00 9.174288e+00 1.477633e+01 1.979193e+01 2.332949e+01 2.461208e+01
-1.120192e+01 -1.047976e+01 -8.393668e+00 -5.143603e+00 -9.658971e-01 3.907329e+00 9.195597e+00 1.446310e+01 1.906665e+01 2.225293e+01 2.339655e+01
-1.049642e+01 -9.810399e+00 -7.816194e+00 -4.680674e+00 -6.247731e-01 4.097380e+00 9.163175e+00 1.412030e+01 1.837292e+01 2.127339e+01 2.230618e+01
-9.823825e+00 -9.167335e+00 -7.251901e+00 -4.225117e+00 -3.001204e-01 4.254643e+00 9.093559e+00 1.376324e+01 1.771201e+01 2.037457e+01 2.131673e+01
-9.178867e+00 -8.548017e+00 -6.703786e+00 -3.782820e+00 5.590363e-03 4.384636e+00 8.998464e+00 1.340191e+01 1.708384e+01 1.954429e+01 2.041066e+01
-8.558475e+00 -7.951018e+00 -6.173711e+00 -3.357074e+00 2.917048e-01 4.492021e+00 8.886239e+00 1.304284e+01 1.648753e+01 1.877323e+01 1.957495e+01
-7.960884e+00 -7.375543e+00 -5.662747e+00 -2.949506e+00 5.586133e-01 4.580698e+00 8.762879e+00 1.269022e+01 1.592183e+01 1.805413e+01 1.879974e+01
-7.385086e+00 -6.821131e+00 -5.171408e+00 -2.560697e+00 8.072694e-01 4.653909e+00 8.632713e+00 1.234673e+01 1.538527e+01 1.738119e+01 1.807739e+01
-6.830490e+00 -6.287468e+00 -4.699822e+00 -2.190584e+00 1.038894e+00 4.714345e+00 8.498892e+00 1.201401e+01 1.487635e+01 1.674970e+01 1.740186e+01
-6.296704e+00 -5.774284e+00 -4.247849e+00 -1.838723e+00 1.254796e+00 4.764230e+00 8.363713e+00 1.169299e+01 1.439356e+01 1.615578e+01 1.676827e+01
-5.783411e+00 -5.281294e+00 -3.815166e+00 -1.504453e+00 1.456277e+00 4.805406e+00 8.228860e+00 1.138418e+01 1.393543e+01 1.559616e+01 1.617261e+01
-5.290302e+00 -4.808169e+00 -3.401325e+00 -1.187003e+00 1.644566e+00 4.839391e+00 8.095562e+00 1.108774e+01 1.350058e+01 1.506804e+01 1.561153e+01
-4.817037e+00 -4.354528e+00 -3.005792e+00 -8.855580e-01 1.820802e+00 4.867442e+00 7.964713e+00 1.080363e+01 1.308772e+01 1.456901e+01 1.508216e+01
-4.363230e+00 -3.919938e+00 -2.627981e+00 -5.992974e-01 1.986017e+00 4.890593e+00 7.836959e+00 1.053168e+01 1.269560e+01 1.409696e+01 1.458205e+01
-3.928449e+00 -3.503915e+00 -2.267276e+00 -3.274204e-01 2.141142e+00 4.909701e+00 7.712752e+00 1.027161e+01 1.232308e+01 1.365002e+01 1.410905e+01
-3.512214e+00 -3.105938e+00 -1.923039e+00 -6.915743e-02 2.287007e+00 4.925472e+00 7.592404e+00 1.002310e+01 1.196910e+01 1.322653e+01 1.366127e+01
-3.114006e+00 -2.725455e+00 -1.594631e+00 1.762230e-01 2.424356e+00 4.938489e+00 7.476116e+00 9.785761e+00 1.163265e+01 1.282498e+01 1.323703e+01
-2.733276e+00 -2.361888e+00 -1.281411e+00 4.094121e-01 2.553850e+00 4.949232e+00 7.364005e+00 9.559211e+00 1.131279e+01 1.244403e+01 1.283481e+01
-2.369454e+00 -2.014649e+00 -9.827506e-01 6.310604e-01 2.676080e+00 4.958099e+00 7.256122e+00 9.343043e+00 1.100865e+01 1.208245e+01 1.245326e+01
-2.021952e+00 -1.683140e+00 -6.980296e-01 8.417793e-01 2.791573e+00 4.965417e+00 7.152471e+00 9.136847e+00 1.071940e+01 1.173910e+01 1.209112e+01
-1.690175e+00 -1.366759e+00 -4.266448e-01 1.042143e+00 2.900802e+00 4.971457e+00 7.053014e+00 8.940216e+00 1.044429e+01 1.141294e+01 1.174726e+01
-1.373527e+00 -1.064911e+00 -1.680100e-01 1.232692e+00 3.004194e+00 4.976442e+00 6.957689e+00 8.752749e+00 1.018257e+01 1.110303e+01 1.142064e+01
-1.071412e+00 -7.770051e-01 7.844244e-02 1.413931e+00 3.102132e+00 4.980557e+00 6.866408e+00 8.574052e+00 9.933574e+00 1.080847e+01 1.111030e+01
-7.832429e-01 -5.024617e-01 3.132607e-01 1.586340e+00 3.194964e+00 4.983952e+00 6.779070e+00 8.403742e+00 9.696657e+00 1.052843e+01 1.081534e+01
-5.084405e-01 -2.407139e-01 5.369729e-01 1.750366e+00 3.283007e+00 4.986755e+00 6.695562e+00 8.241449e+00 9.471213e+00 1.026214e+01 1.053493e+01
-2.464393e-01 8.790723e-03 7.500871e-01 1.906433e+00 3.366551e+00 4.989068e+00 6.615762e+00 8.086811e+00 9.256669e+00 1.000890e+01 1.026830e+01
3.312334e-03 2.465885e-01 9.530911e-01 2.054940e+00 3.445859e+00 4.990978e+00 6.539543e+00 7.939484e+00 9.052485e+00 9.768010e+00 1.001473e+01
2.413500e-01 4.731988e-01 1.146453e+00 2.196264e+00 3.521176e+00 4.992553e+00 6.466776e+00 7.799133e+00 8.858149e+00 9.538850e+00 9.773543e+00
4.681924e-01 6.891229e-01 1.330621e+00 2.330763e+00 3.592726e+00 4.993854e+00 6.397329e+00 7.665439e+00 8.673178e+00 9.320821e+00 9.544099e+00
6.843409e-01 8.948445e-01 1.506024e+00 2.458773e+00 3.660719e+00 4.994927e+00 6.331074e+00 7.538092e+00 8.497111e+00 9.113363e+00 9.325804e+00
8.902787e-01 1.090829e+00 1.673074e+00 2.580614e+00 3.725347e+00 4.995813e+00 6.267879e+00 7.416799e+00 8.329514e+00 8.915946e+00 9.118095e+00
1.086471e+00 1.277522e+00 1.832162e+00 2.696588e+00 3.786791e+00 4.996545e+00 6.207618e+00 7.301277e+00 8.169974e+00 8.728069e+00 8.920440e+00
1.273364e+00 1.455354e+00 1.983663e+00 2.806982e+00 3.845218e+00 4.997148e+00 6.150167e+00 7.191256e+00 8.018100e+00 8.549260e+00 8.732339e+00
1.451388e+00 1.624735e+00 2.127936e+00 2.912068e+00 3.900787e+00 4.997646e+00 6.095404e+00 7.086477e+00 7.873519e+00 8.379073e+00 8.553320e+00
1.620953e+00 1.786060e+00 2.265323e+00 3.012104e+00 3.953645e+00 4.998057e+00 6.043211e+00 6.986695e+00 7.735878e+00 8.217084e+00 8.382932e+00
1.782454e+00 1.939704e+00 2.396149e+00 3.107336e+00 4.003931e+00 4.998397e+00 5.993474e+00 6.891673e+00 7.604842e+00 8.062890e+00 8.220753e+00
1.936267e+00 2.086029e+00 2.520726e+00 3.197996e+00 4.051775e+00 4.998677e+00 5.946084e+00 6.801186e+00 7.480091e+00 7.916112e+00 8.066380e+00
2.082753e+00 2.225378e+00 2.639352e+00 3.284306e+00 4.097300e+00 4.998908e+00 5.900933e+00 6.715019e+00 7.361323e+00 7.776389e+00 7.919431e+00
2.222256e+00 2.358081e+00 2.752307e+00 3.366475e+00 4.140622e+00 4.999099e+00 5.857919e+00 6.632968e+00 7.248250e+00 7.643378e+00 7.779547e+00
2.355106e+00 2.484451e+00 2.859864e+00 3.444703e+00 4.181851e+00 4.999256e+00 5.816945e+00 6.554837e+00 7.140596e+00 7.516753e+00 7.646382e+00
2.481616e+00 2.604788e+00 2.962278e+00 3.519181e+00 4.221090e+00 4.999386e+00 5.777916e+00 6.480440e+00 7.038102e+00 7.396206e+00 7.519612e+00
2.602088e+00 2.719378e+00 3.059795e+00 3.590088e+00 4.258438e+00 4.999493e+00 5.740742e+00 6.409599e+00 6.940519e+00 7.281442e+00 7.398926e+00
2.716806e+00 2.828494e+00 3.152648e+00 3.657597e+00 4.293986e+00 4.999582e+00 5.705337e+00 6.342145e+00 6.847611e+00 7.172183e+00 7.284031e+00
2.826044e+00 2.932396e+00 3.241060e+00 3.721871e+00 4.327825e+00 4.999655e+00 5.671617e+00 6.277916e+00 6.759154e+00 7.068163e+00 7.174647e+00
2.930062e+00 3.031332e+00 3.325243e+00 3.783065e+00 4.360035e+00 4.999715e+00 5.639504e+00 6.216758e+00 6.674934e+00 6.969129e+00 7.070508e+00
3.029109e+00 3.125538e+00 3.405398e+00 3.841328e+00 4.390698e+00 4.999765e+00 5.608921e+00 6.158526e+00 6.594747e+00 6.874843e+00 6.971361e+00
3.123421e+00 3.215240e+00 3.481719e+00 3.896800e+00 4.419888e+00 4.999806e+00 5.579798e+00 6.103080e+00 6.518401e+00 6.785074e+00 6.876967e+00
3.213224e+00 3.300652e+00 3.554388e+00 3.949616e+00 4.447677e+00 4.999840e+00 5.552064e+00 6.050285e+00 6.445711e+00 6.699607e+00 6.787097e+00
3.298732e+00 3.381979e+00 3.623579e+00 3.999901e+00 4.474132e+00 4.999868e+00 5.525655e+00 6.000017e+00 6.376502e+00 6.618235e+00 6.701532e+00
3.380151e+00 3.459417e+00 3.689460e+00 4.047779e+00 4.499317e+00 4.999891e+00 5.500506e+00 5.952154e+00 6.310607e+00 6.540760e+00 6.620067e+00
3.457676e+00 3.533150e+00 3.752188e+00 4.093364e+00 4.523295e+00 4.999910e+00 5.476559e+00 5.906581e+00 6.247867e+00 6.466996e+00 6.542505e+00
3.531492e+00 3.603355e+00 3.811915e+00 4.136766e+00 4.546123e+00 4.999926e+00 5.453757e+00 5.863188e+00 6.188131e+00 6.396765e+00 6.468657e+00
3.601776e+00 3.670201e+00 3.868782e+00 4.178090e+00 4.567856e+00 4.999939e+00 5.432044e+00 5.821872e+00 6.131255e+00 6.329898e+00 6.398347e+00
3.668698e+00 3.733849e+00 3.922929e+00 4.217435e+00 4.588548e+00 4.999949e+00 5.411370e+00 5.782534e+00 6.077103e+00 6.266233e+00 6.331403e+00
3.732418e+00 3.794452e+00 3.974484e+00 4.254896e+00 4.608249e+00 4.999958e+00 5.391684e+00 5.745078e+00 6.025542e+00 6.205616e+00 6.267666e+00
3.793089e+00 3.852154e+00 4.023571e+00 4.290564e+00 4.627005e+00 4.999966e+00 5.372939e+00 5.709414e+00 5.976450e+00 6.147902e+00 6.206980e+00
3.850856e+00 3.907095e+00 4.070309e+00 4.324525e+00 4.644863e+00 4.999972e+00 5.355091e+00 5.675458e+00 5.929709e+00 6.092951e+00 6.149201e+00
3.905859e+00 3.959407e+00 4.114810e+00 4.356859e+00 4.661866e+00 4.999977e+00 5.338096e+00 5.643126e+00 5.885205e+00 6.040631e+00 6.094188e+00
3.958230e+00 4.009215e+00 4.157181e+00 4.387646e+00 4.678054e+00 4.999981e+00 5.321915e+00 5.612342e+00 5.842831e+00 5.990816e+00 6.041808e+00
4.008095e+00 4.056640e+00 4.197524e+00 4.416959e+00 4.693467e+00 4.999984e+00 5.306508e+00 5.583032e+00 5.802486e+00 5.943386e+00 5.991937e+00
4.055573e+00 4.101795e+00 4.235936e+00 4.444868e+00 4.708141e+00 4.999987e+00 5.291837e+00 5.555124e+00 5.764072e+00 5.898227e+00 5.944453e+00
4.100779e+00 4.144788e+00 4.272509e+00 4.471441e+00 4.722113e+00 4.999989e+00 5.277869e+00 5.528552e+00 5.727497e+00 5.855229e+00 5.899243e+00
4.143821e+00 4.185724e+00 4.307332e+00 4.496743e+00 4.735416e+00 4.999991e+00 5.264569e+00 5.503252e+00 5.692673e+00 5.814290e+00 5.856197e+00
4.184803e+00 4.224701e+00 4.340488e+00 4.520833e+00 4.748082e+00 4.999993e+00 5.251906e+00 5.479163e+00 5.659516e+00 5.775311e+00 5.815212e+00
4.223824e+00 4.261812e+00 4.372057e+00 4.543770e+00 4.760142e+00 4.999994e+00 5.239849e+00 5.456227e+00 5.627947e+00 5.738198e+00 5.776188e+00
4.260977e+00 4.297146e+00 4.402115e+00 4.565608e+00 4.771624e+00 4.999995e+00 5.228368e+00 5.434388e+00 5.597888e+00 5.702862e+00 5.739033e+00
4.296351e+00 4.330790e+00 4.430734e+00 4.586402e+00 4.782556e+00 4.999996e+00 5.217437e+00 5.413595e+00 5.569268e+00 5.669217e+00 5.703657e+00
4.330033e+00 4.362823e+00 4.457983e+00 4.606200e+00 4.792965e+00 4.999997e+00 5.207030e+00 5.393798e+00 5.542019e+00 5.637183e+00 5.669974e+00
4.362102e+00 4.393323e+00 4.483928e+00 4.625050e+00 4.802876e+00 4.999997e+00 5.197120e+00 5.374948e+00 5.516073e+00 5.606682e+00 5.637904e+00
4.392636e+00 4.422363e+00 4.508631e+00 4.642999e+00 4.812312e+00 4.999998e+00 5.187684e+00 5.357000e+00 5.491370e+00 5.577641e+00 5.607368e+00
4.421709e+00 4.450012e+00 4.532152e+00 4.660087e+00 4.821296e+00 4.999998e+00 5.178701e+00 5.339911e+00 5.467849e+00 5.549991e+00 5.578295e+00
4.449390e+00 4.476339e+00 4.554547e+00 4.676358e+00 4.829850e+00 4.999998e+00 5.170147e+00 5.323641e+00 5.445454e+00 5.523664e+00 5.550613e+00
4.475747e+00 4.501405e+00 4.575869e+00 4.691850e+00 4.837995e+00 4.999999e+00 5.162003e+00 5.308149e+00 5.424131e+00 5.498597e+00 5.524256e+00
4.500841e+00 4.525272e+00 4.596171e+00 4.706601e+00 4.845750e+00 4.999999e+00 5.154248e+00 5.293399e+00 5.403829e+00 5.474730e+00 5.499161e+00
4.524735e+00 4.547996e+00 4.615502e+00 4.720645e+00 4.853134e+00 4.999999e+00 5.146865e+00 5.279354e+00 5.384499e+00 5.452006e+00 5.475267e+00
4.547484e+00 4.569632e+00 4.633907e+00 4.734017e+00 4.860164e+00 4.999999e+00 5.139835e+00 5.265982e+00 5.366094e+00 5.430369e+00 5.452517e+00
4.569145e+00 4.590232e+00 4.651431e+00 4.746749e+00 4.866858e+00 4.999999e+00 5.133141e+00 5.253250e+00 5.348570e+00 5.409769e+00 5.430856e+00
4.589769e+00 4.609847e+00 4.668116e+00 4.758872e+00 4.873231e+00 4.999999e+00 5.126768e+00 5.241128e+00 5.331884e+00 5.390154e+00 5.410232e+00
4.609406e+00 4.628523e+00 4.684002e+00 4.770414e+00 4.879299e+00 5.000000e+00 5.120700e+00 5.229586e+00 5.315998e+00 5.371478e+00 5.390595e+00
4.628102e+00 4.646304e+00 4.699128e+00 4.781404e+00 4.885077e+00 5.000000e+00 5.114923e+00 5.218596e+00 5.300872e+00 5.353696e+00 5.371898e+00
4.645904e+00 4.663235e+00 4.713530e+00 4.791867e+00 4.890578e+00 5.000000e+00 5.109421e+00 5.208132e+00 5.286470e+00 5.336766e+00 5.354096e+00
4.662854e+00 4.679355e+00 4.727243e+00 4.801830e+00 4.895816e+00 5.000000e+00 5.104184e+00 5.198170e+00 5.272757e+00 5.320645e+00 5.337147e+00
4.678992e+00 4.694703e+00 4.740299e+00 4.811316e+00 4.900803e+00 5.000000e+00 5.099197e+00 5.188684e+00 5.259701e+00 5.305297e+00 5.321008e+00
4.694358e+00 4.709317e+00 4.752730e+00 4.820348e+00 4.905551e+00 5.000000e+00 5.094448e+00 5.179652e+00 5.247270e+00 5.290683e+00 5.305642e+00
4.708988e+00 4.723232e+00 4.764567e+00 4.828948e+00 4.910072e+00 5.000000e+00 5.089927e+00 5.171052e+00 5.235433e+00 5.276769e+00 5.291012e+00
4.722918e+00 4.736480e+00 4.775836e+00 4.837135e+00 4.914377e+00 5.000000e+00 5.085623e+00 5.162864e+00 5.224164e+00 5.263520e+00 5.277082e+00
4.736182e+00 4.749094e+00 4.786566e+00 4.844931e+00 4.918476e+00 5.000000e+00 5.081524e+00 5.155069e+00 5.213434e+00 5.250906e+00 5.263818e+00
4.748810e+00 4.761104e+00 4.796783e+00 4.852354e+00 4.922378e+00 5.000000e+00 5.077622e+00 5.147646e+00 5.203217e+00 5.238896e+00 5.251190e+00
4.760834e+00 4.772540e+00 4.806511e+00 4.859422e+00 4.926094e+00 5.000000e+00 5.073906e+00 5.140578e+00 5.193490e+00 5.227461e+00 5.239166e+00
4.772282e+00 4.783427e+00 4.815772e+00 4.866151e+00 4.929631e+00 5.000000e+00 5.070369e+00 5.133849e+00 5.184228e+00 5.216573e+00 5.227718e+00
4.783182e+00 4.793794e+00 4.824591e+00 4.872558e+00 4.933000e+00 5.000000e+00 5.067000e+00 5.127442e+00 5.175409e+00 5.206206e+00 5.216818e+00
4.793561e+00 4.803665e+00 4.832987e+00 4.878658e+00 4.936207e+00 5.000000e+00 5.063793e+00 5.121342e+00 5.167013e+00 5.196335e+00 5.206439e+00
4.803443e+00 4.813063e+00 4.840982e+00 4.884467e+00 4.939260e+00 5.000000e+00 5.060740e+00 5.115533e+00 5.159018e+00 5.186937e+00 5.196557e+00
4.812851e+00 4.822011e+00 4.848594e+00 4.889997e+00 4.942168e+00 5.000000e+00 5.057832e+00 5.110003e+00 5.151406e+00 5.177989e+00 5.187149e+00
4.821810e+00 4.830531e+00 4.855841e+00 4.895262e+00 4.944936e+00 5.000000e+00 5.055064e+00 5.104738e+00 5.144159e+00 5.169469e+00 5.178190e+00
4.830339e+00 4.838643e+00 4.862742e+00 4.900276e+00 4.947572e+00 5.000000e+00 5.052428e+00 5.099724e+00 5.137258e+00 5.161357e+00 5.169661e+00
4.838461e+00 4.846367e+00 4.869312e+00 4.905050e+00 4.950082e+00 5.000000e+00 5.049918e+00 5.094950e+00 5.130688e+00 5.153633e+00 5.161539e+00
4.846193e+00 4.853721e+00 4.875568e+00 4.909595e+00 4.952471e+00 5.000000e+00 5.047529e+00 5.090405e+00 5.124432e+00 5.146279e+00 5.153807e+00
4.853556e+00 4.860723e+00 4.881524e+00 4.913922e+00 4.954746e+00 5.000000e+00 5.045254e+00 5.086078e+00 5.118476e+00 5.139277e+00 5.146445e+00
4.860565e+00 4.867390e+00 4.887195e+00 4.918042e+00 4.956912e+00 5.000000e+00 5.043088e+00 5.081958e+00 5.112805e+00 5.132610e+00 5.139435e+00
4.867240e+00 4.873738e+00 4.892595e+00 4.921966e+00 4.958975e+00 5.000000e+00 5.041025e+00 5.078034e+00 5.107405e+00 5.126262e+00 5.132760e+00
4.873595e+00 4.879781e+00 4.897736e+00 4.925701e+00 4.960939e+00 5.000000e+00 5.039061e+00 5.074299e+00 5.102264e+00 5.120219e+00 5.126405e+00
4.879645e+00 4.885536e+00 4.902631e+00 4.929257e+00 4.962808e+00 5.000000e+00 5.037192e+00 5.070743e+00 5.097369e+00 5.114464e+00 5.120355e+00
4.885407e+00 4.891015e+00 4.907292e+00 4.932644e+00 4.964589e+00 5.000000e+00 5.035411e+00 5.067356e+00 5.092708e+00 5.108985e+00 5.114593e+00
4.890892e+00 4.896232e+00 4.911730e+00 4.935868e+00 4.966284e+00 5.000000e+00 5.033716e+00 5.064132e+00 5.088270e+00 5.103768e+00 5.109108e+00
4.896115e+00 4.901199e+00 4.915955e+00 4.938938e+00 4.967898e+00 5.000000e+00 5.032102e+00 5.061062e+00 5.084045e+00 5.098801e+00 5.103885e+00
4.901087e+00 4.905928e+00 4.919978e+00 4.941861e+00 4.969434e+00 5.000000e+00 5.030566e+00 5.058139e+00 5.080022e+00 5.094072e+00 5.098913e+00
