8 Nodos 
7 Elementos 
2 Nodos por elemento 
2 grados de libertad por nodo 
Elementos 
 #Elemento n1 n2 A(m^2)  E (Pa) 
 1  1  2  1.0000e-03  2.1000e+11  
 2  2  3  1.0000e-03  2.1000e+11  
 3  3  4  1.0000e-03  2.1000e+11  
 4  4  5  1.0000e-03  2.1000e+11  
 5  5  6  1.0000e-03  2.1000e+11  
 6  6  7  1.0000e-03  2.1000e+11  
 7  7  8  1.0000e-03  2.1000e+11  
Fin Elementos 
Nodos 
 #nodo X Y  vins  Ux Uy Fx Fy 
1  0.0000  0.0  -1  1  0.0  0.0  -15.3061  0.0 
2  0.2143  0.0  -1  1  0.0  0.0  -91.8367  0.0 
3  0.4286  0.0  -1  1  0.0  0.0  -183.6735  0.0 
4  0.6429  0.0  -1  1  0.0  0.0  -275.5102  0.0 
5  0.8571  0.0  -1  1  0.0  0.0  -367.3469  0.0 
6  1.0714  0.0  -1  1  0.0  0.0  -459.1837  0.0 
7  1.2857  0.0  -1  1  0.0  0.0  -551.0204  0.0 
 8  1.5000  0.0  1  1  0.0  0.0  0.0  0.0 
# F(nnod) =  -306.1224 
Fin Nodos 
Resultados Desplazamientos
1 -5.3571e-06 
2 -5.3415e-06 
3 -5.2322e-06 
4 -4.9354e-06 
5 -4.3576e-06 
6 -3.4048e-06 
7 -1.9835e-06 
8 0.0000e+00 
