
 7 Elementos 
 

 
 Elemento 1 
5.0400e+08	2.5200e+08	-5.0400e+08	2.5200e+08
2.5200e+08	1.6800e+08	-2.5200e+08	8.4000e+07
-5.0400e+08	-2.5200e+08	5.0400e+08	-2.5200e+08
2.5200e+08	8.4000e+07	-2.5200e+08	1.6800e+08

 
 Elemento 2 
5.0400e+08	2.5200e+08	-5.0400e+08	2.5200e+08
2.5200e+08	1.6800e+08	-2.5200e+08	8.4000e+07
-5.0400e+08	-2.5200e+08	5.0400e+08	-2.5200e+08
2.5200e+08	8.4000e+07	-2.5200e+08	1.6800e+08

 
 Elemento 3 
5.0400e+08	2.5200e+08	-5.0400e+08	2.5200e+08
2.5200e+08	1.6800e+08	-2.5200e+08	8.4000e+07
-5.0400e+08	-2.5200e+08	5.0400e+08	-2.5200e+08
2.5200e+08	8.4000e+07	-2.5200e+08	1.6800e+08

 
 Elemento 4 
5.0400e+08	2.5200e+08	-5.0400e+08	2.5200e+08
2.5200e+08	1.6800e+08	-2.5200e+08	8.4000e+07
-5.0400e+08	-2.5200e+08	5.0400e+08	-2.5200e+08
2.5200e+08	8.4000e+07	-2.5200e+08	1.6800e+08

 
 Elemento 5 
5.0400e+08	2.5200e+08	-5.0400e+08	2.5200e+08
2.5200e+08	1.6800e+08	-2.5200e+08	8.4000e+07
-5.0400e+08	-2.5200e+08	5.0400e+08	-2.5200e+08
2.5200e+08	8.4000e+07	-2.5200e+08	1.6800e+08

 
 Elemento 6 
5.0400e+08	2.5200e+08	-5.0400e+08	2.5200e+08
2.5200e+08	1.6800e+08	-2.5200e+08	8.4000e+07
-5.0400e+08	-2.5200e+08	5.0400e+08	-2.5200e+08
2.5200e+08	8.4000e+07	-2.5200e+08	1.6800e+08

 
 Elemento 7 
2.0000e+05	0.0000e+00	2.0000e+05	0.0000e+00
0.0000e+00	0.0000e+00	0.0000e+00	0.0000e+00
2.0000e+05	0.0000e+00	2.0000e+05	0.0000e+00
0.0000e+00	0.0000e+00	0.0000e+00	0.0000e+00

 Matriz Global 
5.0400e+08	2.5200e+08	-5.0400e+08	2.5200e+08	0.0000e+00	0.0000e+00	0.0000e+00	0.0000e+00	0.0000e+00	0.0000e+00	0.0000e+00	0.0000e+00	0.0000e+00	0.0000e+00	0.0000e+00	0.0000e+00
2.5200e+08	1.6800e+08	-2.5200e+08	8.4000e+07	0.0000e+00	0.0000e+00	0.0000e+00	0.0000e+00	0.0000e+00	0.0000e+00	0.0000e+00	0.0000e+00	0.0000e+00	0.0000e+00	0.0000e+00	0.0000e+00
-5.0400e+08	-2.5200e+08	1.0080e+09	0.0000e+00	-5.0400e+08	2.5200e+08	0.0000e+00	0.0000e+00	0.0000e+00	0.0000e+00	0.0000e+00	0.0000e+00	0.0000e+00	0.0000e+00	0.0000e+00	0.0000e+00
2.5200e+08	8.4000e+07	0.0000e+00	3.3600e+08	-2.5200e+08	8.4000e+07	0.0000e+00	0.0000e+00	0.0000e+00	0.0000e+00	0.0000e+00	0.0000e+00	0.0000e+00	0.0000e+00	0.0000e+00	0.0000e+00
0.0000e+00	0.0000e+00	-5.0400e+08	-2.5200e+08	1.0080e+09	0.0000e+00	-5.0400e+08	2.5200e+08	0.0000e+00	0.0000e+00	0.0000e+00	0.0000e+00	0.0000e+00	0.0000e+00	0.0000e+00	0.0000e+00
0.0000e+00	0.0000e+00	2.5200e+08	8.4000e+07	0.0000e+00	3.3600e+08	-2.5200e+08	8.4000e+07	0.0000e+00	0.0000e+00	0.0000e+00	0.0000e+00	0.0000e+00	0.0000e+00	0.0000e+00	0.0000e+00
0.0000e+00	0.0000e+00	0.0000e+00	0.0000e+00	-5.0400e+08	-2.5200e+08	1.0080e+09	0.0000e+00	-5.0400e+08	2.5200e+08	0.0000e+00	0.0000e+00	0.0000e+00	0.0000e+00	0.0000e+00	0.0000e+00
0.0000e+00	0.0000e+00	0.0000e+00	0.0000e+00	2.5200e+08	8.4000e+07	0.0000e+00	3.3600e+08	-2.5200e+08	8.4000e+07	0.0000e+00	0.0000e+00	0.0000e+00	0.0000e+00	0.0000e+00	0.0000e+00
0.0000e+00	0.0000e+00	0.0000e+00	0.0000e+00	0.0000e+00	0.0000e+00	-5.0400e+08	-2.5200e+08	1.0080e+09	0.0000e+00	-5.0400e+08	2.5200e+08	0.0000e+00	0.0000e+00	0.0000e+00	0.0000e+00
0.0000e+00	0.0000e+00	0.0000e+00	0.0000e+00	0.0000e+00	0.0000e+00	2.5200e+08	8.4000e+07	0.0000e+00	3.3600e+08	-2.5200e+08	8.4000e+07	0.0000e+00	0.0000e+00	0.0000e+00	0.0000e+00
0.0000e+00	0.0000e+00	0.0000e+00	0.0000e+00	0.0000e+00	0.0000e+00	0.0000e+00	0.0000e+00	-5.0400e+08	-2.5200e+08	1.0080e+09	0.0000e+00	-5.0400e+08	2.5200e+08	0.0000e+00	0.0000e+00
0.0000e+00	0.0000e+00	0.0000e+00	0.0000e+00	0.0000e+00	0.0000e+00	0.0000e+00	0.0000e+00	2.5200e+08	8.4000e+07	0.0000e+00	3.3600e+08	-2.5200e+08	8.4000e+07	0.0000e+00	0.0000e+00
0.0000e+00	0.0000e+00	0.0000e+00	0.0000e+00	0.0000e+00	0.0000e+00	0.0000e+00	0.0000e+00	0.0000e+00	0.0000e+00	-5.0400e+08	-2.5200e+08	5.0420e+08	-2.5200e+08	2.0000e+05	0.0000e+00
0.0000e+00	0.0000e+00	0.0000e+00	0.0000e+00	0.0000e+00	0.0000e+00	0.0000e+00	0.0000e+00	0.0000e+00	0.0000e+00	2.5200e+08	8.4000e+07	-2.5200e+08	1.6800e+08	0.0000e+00	0.0000e+00
0.0000e+00	0.0000e+00	0.0000e+00	0.0000e+00	0.0000e+00	0.0000e+00	0.0000e+00	0.0000e+00	0.0000e+00	0.0000e+00	0.0000e+00	0.0000e+00	2.0000e+05	0.0000e+00	2.0000e+05	0.0000e+00
0.0000e+00	0.0000e+00	0.0000e+00	0.0000e+00	0.0000e+00	0.0000e+00	0.0000e+00	0.0000e+00	0.0000e+00	0.0000e+00	0.0000e+00	0.0000e+00	0.0000e+00	0.0000e+00	0.0000e+00	0.0000e+00
