.000E+00   -0.10000E+03    0.50000E+02
.700E+00   -0.61763E+02    0.30881E+02
.140E+01   -0.48074E+02    0.24036E+02
.210E+01   -0.40496E+02    0.20244E+02
.280E+01   -0.35586E+02    0.17780E+02
.350E+01   -0.32080E+02    0.16002E+02
.420E+01   -0.29407E+02    0.14618E+02
.490E+01   -0.27269E+02    0.13470E+02
.560E+01   -0.25494E+02    0.12470E+02
.630E+01   -0.23976E+02    0.11565E+02
.700E+01   -0.22649E+02    0.10725E+02
.770E+01   -0.21469E+02    0.99322E+01
.840E+01   -0.20406E+02    0.91779E+01
.910E+01   -0.19438E+02    0.84568E+01
.980E+01   -0.18550E+02    0.77663E+01
.105E+02   -0.17732E+02    0.71050E+01
.112E+02   -0.16973E+02    0.64722E+01
.119E+02   -0.16268E+02    0.58674E+01
.126E+02   -0.15610E+02    0.52901E+01
.133E+02   -0.14995E+02    0.47398E+01
.140E+02   -0.14420E+02    0.42159E+01
.147E+02   -0.13881E+02    0.37177E+01
.154E+02   -0.13375E+02    0.32443E+01
.161E+02   -0.12899E+02    0.27951E+01
.168E+02   -0.12452E+02    0.23690E+01
.175E+02   -0.12032E+02    0.19651E+01
.182E+02   -0.11636E+02    0.15824E+01
.189E+02   -0.11263E+02    0.12201E+01
.196E+02   -0.10911E+02    0.87722E+00
.203E+02   -0.10580E+02    0.55277E+00
.210E+02   -0.10268E+02    0.24587E+00
.217E+02   -0.99730E+01   -0.44356E-01
.224E+02   -0.96951E+01   -0.31875E+00
.231E+02   -0.94329E+01   -0.57813E+00
.238E+02   -0.91856E+01   -0.82329E+00
.245E+02   -0.89521E+01   -0.10550E+01
.252E+02   -0.87318E+01   -0.12739E+01
.259E+02   -0.85238E+01   -0.14807E+01
.266E+02   -0.83274E+01   -0.16762E+01
.273E+02   -0.81421E+01   -0.18608E+01
.280E+02   -0.79671E+01   -0.20352E+01
.287E+02   -0.78019E+01   -0.21999E+01
.294E+02   -0.76459E+01   -0.23556E+01
.301E+02   -0.74986E+01   -0.25025E+01
.308E+02   -0.73596E+01   -0.26414E+01
.315E+02   -0.72282E+01   -0.27725E+01
.322E+02   -0.71042E+01   -0.28964E+01
.329E+02   -0.69872E+01   -0.30133E+01
.336E+02   -0.68766E+01   -0.31238E+01
.343E+02   -0.67722E+01   -0.32281E+01
.350E+02   -0.66736E+01   -0.33267E+01
.357E+02   -0.65805E+01   -0.34197E+01
.364E+02   -0.64925E+01   -0.35076E+01
.371E+02   -0.64095E+01   -0.35906E+01
.378E+02   -0.63311E+01   -0.36690E+01
.385E+02   -0.62571E+01   -0.37430E+01
.392E+02   -0.61871E+01   -0.38129E+01
.399E+02   -0.61211E+01   -0.38790E+01
.406E+02   -0.60587E+01   -0.39413E+01
.413E+02   -0.59998E+01   -0.40002E+01
.420E+02   -0.59442E+01   -0.40558E+01
.427E+02   -0.58917E+01   -0.41083E+01
.434E+02   -0.58421E+01   -0.41579E+01
.441E+02   -0.57953E+01   -0.42048E+01
.448E+02   -0.57510E+01   -0.42490E+01
.455E+02   -0.57092E+01   -0.42908E+01
.462E+02   -0.56698E+01   -0.43302E+01
.469E+02   -0.56325E+01   -0.43675E+01
.476E+02   -0.55973E+01   -0.44027E+01
.483E+02   -0.55641E+01   -0.44359E+01
.490E+02   -0.55327E+01   -0.44673E+01
.497E+02   -0.55031E+01   -0.44969E+01
.504E+02   -0.54751E+01   -0.45249E+01
.511E+02   -0.54487E+01   -0.45513E+01
.518E+02   -0.54237E+01   -0.45763E+01
.525E+02   -0.54002E+01   -0.45998E+01
.532E+02   -0.53779E+01   -0.46221E+01
.539E+02   -0.53569E+01   -0.46431E+01
.546E+02   -0.53370E+01   -0.46630E+01
.553E+02   -0.53183E+01   -0.46817E+01
.560E+02   -0.53006E+01   -0.46994E+01
.567E+02   -0.52839E+01   -0.47161E+01
.574E+02   -0.52681E+01   -0.47319E+01
.581E+02   -0.52532E+01   -0.47468E+01
.588E+02   -0.52391E+01   -0.47609E+01
.595E+02   -0.52258E+01   -0.47742E+01
.602E+02   -0.52132E+01   -0.47868E+01
.609E+02   -0.52014E+01   -0.47986E+01
.616E+02   -0.51902E+01   -0.48098E+01
.623E+02   -0.51796E+01   -0.48204E+01
.630E+02   -0.51696E+01   -0.48304E+01
.637E+02   -0.51602E+01   -0.48398E+01
.644E+02   -0.51513E+01   -0.48487E+01
.651E+02   -0.51428E+01   -0.48572E+01
.658E+02   -0.51349E+01   -0.48651E+01
.665E+02   -0.51274E+01   -0.48726E+01
.672E+02   -0.51203E+01   -0.48797E+01
.679E+02   -0.51136E+01   -0.48864E+01
.686E+02   -0.51073E+01   -0.48927E+01
.693E+02   -0.51013E+01   -0.48987E+01
.700E+02   -0.50957E+01   -0.49043E+01
.707E+02   -0.50904E+01   -0.49096E+01
.714E+02   -0.50853E+01   -0.49147E+01
.721E+02   -0.50806E+01   -0.49194E+01
.728E+02   -0.50761E+01   -0.49239E+01
.735E+02   -0.50719E+01   -0.49281E+01
.742E+02   -0.50679E+01   -0.49321E+01
.749E+02   -0.50641E+01   -0.49359E+01
.756E+02   -0.50605E+01   -0.49395E+01
.763E+02   -0.50572E+01   -0.49428E+01
.770E+02   -0.50540E+01   -0.49460E+01
.777E+02   -0.50510E+01   -0.49490E+01
.784E+02   -0.50482E+01   -0.49518E+01
.791E+02   -0.50455E+01   -0.49545E+01
.798E+02   -0.50429E+01   -0.49571E+01
.805E+02   -0.50406E+01   -0.49594E+01
.812E+02   -0.50383E+01   -0.49617E+01
.819E+02   -0.50362E+01   -0.49638E+01
.826E+02   -0.50342E+01   -0.49658E+01
.833E+02   -0.50323E+01   -0.49677E+01
.840E+02   -0.50305E+01   -0.49695E+01
.847E+02   -0.50288E+01   -0.49712E+01
.854E+02   -0.50272E+01   -0.49728E+01
.861E+02   -0.50257E+01   -0.49743E+01
.868E+02   -0.50242E+01   -0.49758E+01
.875E+02   -0.50229E+01   -0.49771E+01
.882E+02   -0.50216E+01   -0.49784E+01
.889E+02   -0.50204E+01   -0.49796E+01
.896E+02   -0.50193E+01   -0.49807E+01
.903E+02   -0.50182E+01   -0.49818E+01
.910E+02   -0.50172E+01   -0.49828E+01
.917E+02   -0.50162E+01   -0.49838E+01
.924E+02   -0.50153E+01   -0.49847E+01
.931E+02   -0.50145E+01   -0.49855E+01
.938E+02   -0.50137E+01   -0.49863E+01
.945E+02   -0.50129E+01   -0.49871E+01
.952E+02   -0.50122E+01   -0.49878E+01
.959E+02   -0.50115E+01   -0.49885E+01
.966E+02   -0.50109E+01   -0.49891E+01
.973E+02   -0.50103E+01   -0.49897E+01
.980E+02   -0.50097E+01   -0.49903E+01
.987E+02   -0.50092E+01   -0.49908E+01
.994E+02   -0.50086E+01   -0.49914E+01
.100E+03   -0.50082E+01   -0.49918E+01
