.000E+00        1    0.10000E+03
.000E+00        2    0.00000E+00
.000E+00        3    0.00000E+00
.000E+00        4    0.00000E+00
.000E+00        5    0.00000E+00
.000E+00        6    0.00000E+00
.000E+00        7    0.00000E+00
.000E+00        8    0.00000E+00
.000E+00        9    0.00000E+00
.000E+00       10    0.00000E+00
.000E+00       11    0.50000E+02


.700E+00        1    0.10000E+03
.700E+00        2    0.38237E+02
.700E+00        3    0.73105E+01
.700E+00        4    0.13986E+01
.700E+00        5    0.27209E+00
.700E+00        6    0.76628E-01
.700E+00        7    0.14337E+00
.700E+00        8    0.70068E+00
.700E+00        9    0.36555E+01
.700E+00       10    0.19119E+02
.700E+00       11    0.50000E+02


.140E+01        1    0.10000E+03
.140E+01        2    0.51926E+02
.140E+01        3    0.19857E+02
.140E+01        4    0.57028E+01
.140E+01        5    0.14912E+01
.140E+01        6    0.52030E+00
.140E+01        7    0.80531E+00
.140E+01        8    0.28647E+01
.140E+01        9    0.99313E+01
.140E+01       10    0.25964E+02
.140E+01       11    0.50000E+02


.210E+01        1    0.10000E+03
.210E+01        2    0.59504E+02
.210E+01        3    0.28933E+02
.210E+01        4    0.11502E+02
.210E+01        5    0.39745E+01
.210E+01        6    0.17029E+01
.210E+01        7    0.22216E+01
.210E+01        8    0.58123E+01
.210E+01        9    0.14482E+02
.210E+01       10    0.29756E+02
.210E+01       11    0.50000E+02


.280E+01        1    0.10000E+03
.280E+01        2    0.64414E+02
.280E+01        3    0.35703E+02
.280E+01        4    0.17018E+02
.280E+01        5    0.73032E+01
.280E+01        6    0.37218E+01
.280E+01        7    0.42585E+01
.280E+01        8    0.86926E+01
.280E+01        9    0.17904E+02
.280E+01       10    0.32220E+02
.280E+01       11    0.50000E+02


.350E+01        1    0.10000E+03
.350E+01        2    0.67920E+02
.350E+01        3    0.40962E+02
.350E+01        4    0.21973E+02
.350E+01        5    0.10967E+02
.350E+01        6    0.63639E+01
.350E+01        7    0.66833E+01
.350E+01        8    0.11402E+02
.350E+01        9    0.20615E+02
.350E+01       10    0.33998E+02
.350E+01       11    0.50000E+02


.420E+01        1    0.10000E+03
.420E+01        2    0.70593E+02
.420E+01        3    0.45209E+02
.420E+01        4    0.26389E+02
.420E+01        5    0.14695E+02
.420E+01        6    0.93557E+01
.420E+01        7    0.93309E+01
.420E+01        8    0.13966E+02
.420E+01        9    0.22881E+02
.420E+01       10    0.35382E+02
.420E+01       11    0.50000E+02


.490E+01        1    0.10000E+03
.490E+01        2    0.72731E+02
.490E+01        3    0.48754E+02
.490E+01        4    0.30345E+02
.490E+01        5    0.18348E+02
.490E+01        6    0.12497E+02
.490E+01        7    0.12082E+02
.490E+01        8    0.16419E+02
.490E+01        9    0.24868E+02
.490E+01       10    0.36530E+02
.490E+01       11    0.50000E+02


.560E+01        1    0.10000E+03
.560E+01        2    0.74506E+02
.560E+01        3    0.51795E+02
.560E+01        4    0.33919E+02
.560E+01        5    0.21858E+02
.560E+01        6    0.15661E+02
.560E+01        7    0.14854E+02
.560E+01        8    0.18780E+02
.560E+01        9    0.26673E+02
.560E+01       10    0.37530E+02
.560E+01       11    0.50000E+02


.630E+01        1    0.10000E+03
.630E+01        2    0.76024E+02
.630E+01        3    0.54458E+02
.630E+01        4    0.37171E+02
.630E+01        5    0.25194E+02
.630E+01        6    0.18770E+02
.630E+01        7    0.17594E+02
.630E+01        8    0.21059E+02
.630E+01        9    0.28353E+02
.630E+01       10    0.38435E+02
.630E+01       11    0.50000E+02


.700E+01        1    0.10000E+03
.700E+01        2    0.77351E+02
.700E+01        3    0.56830E+02
.700E+01        4    0.40149E+02
.700E+01        5    0.28347E+02
.700E+01        6    0.21780E+02
.700E+01        7    0.20267E+02
.700E+01        8    0.23257E+02
.700E+01        9    0.29942E+02
.700E+01       10    0.39275E+02
.700E+01       11    0.50000E+02


.770E+01        1    0.10000E+03
.770E+01        2    0.78531E+02
.770E+01        3    0.58970E+02
.770E+01        4    0.42891E+02
.770E+01        5    0.31317E+02
.770E+01        6    0.24669E+02
.770E+01        7    0.22852E+02
.770E+01        8    0.25376E+02
.770E+01        9    0.31456E+02
.770E+01       10    0.40068E+02
.770E+01       11    0.50000E+02


.840E+01        1    0.10000E+03
.840E+01        2    0.79594E+02
.840E+01        3    0.60918E+02
.840E+01        4    0.45427E+02
.840E+01        5    0.34110E+02
.840E+01        6    0.27425E+02
.840E+01        7    0.25337E+02
.840E+01        8    0.27413E+02
.840E+01        9    0.32905E+02
.840E+01       10    0.40822E+02
.840E+01       11    0.50000E+02


.910E+01        1    0.10000E+03
.910E+01        2    0.80562E+02
.910E+01        3    0.62706E+02
.910E+01        4    0.47781E+02
.910E+01        5    0.36736E+02
.910E+01        6    0.30044E+02
.910E+01        7    0.27717E+02
.910E+01        8    0.29368E+02
.910E+01        9    0.34293E+02
.910E+01       10    0.41543E+02
.910E+01       11    0.50000E+02


.980E+01        1    0.10000E+03
.980E+01        2    0.81450E+02
.980E+01        3    0.64355E+02
.980E+01        4    0.49972E+02
.980E+01        5    0.39204E+02
.980E+01        6    0.32528E+02
.980E+01        7    0.29988E+02
.980E+01        8    0.31240E+02
.980E+01        9    0.35623E+02
.980E+01       10    0.42234E+02
.980E+01       11    0.50000E+02


.105E+02        1    0.10000E+03
.105E+02        2    0.82268E+02
.105E+02        3    0.65883E+02
.105E+02        4    0.52015E+02
.105E+02        5    0.41524E+02
.105E+02        6    0.34881E+02
.105E+02        7    0.32151E+02
.105E+02        8    0.33029E+02
.105E+02        9    0.36897E+02
.105E+02       10    0.42895E+02
.105E+02       11    0.50000E+02


.112E+02        1    0.10000E+03
.112E+02        2    0.83027E+02
.112E+02        3    0.67304E+02
.112E+02        4    0.53925E+02
.112E+02        5    0.43706E+02
.112E+02        6    0.37106E+02
.112E+02        7    0.34207E+02
.112E+02        8    0.34736E+02
.112E+02        9    0.38114E+02
.112E+02       10    0.43528E+02
.112E+02       11    0.50000E+02


.119E+02        1    0.10000E+03
.119E+02        2    0.83732E+02
.119E+02        3    0.68629E+02
.119E+02        4    0.55714E+02
.119E+02        5    0.45759E+02
.119E+02        6    0.39210E+02
.119E+02        7    0.36159E+02
.119E+02        8    0.36361E+02
.119E+02        9    0.39276E+02
.119E+02       10    0.44133E+02
.119E+02       11    0.50000E+02


.126E+02        1    0.10000E+03
.126E+02        2    0.84390E+02
.126E+02        3    0.69867E+02
.126E+02        4    0.57391E+02
.126E+02        5    0.47691E+02
.126E+02        6    0.41198E+02
.126E+02        7    0.38011E+02
.126E+02        8    0.37908E+02
.126E+02        9    0.40384E+02
.126E+02       10    0.44710E+02
.126E+02       11    0.50000E+02


.133E+02        1    0.10000E+03
.133E+02        2    0.85005E+02
.133E+02        3    0.71026E+02
.133E+02        4    0.58964E+02
.133E+02        5    0.49511E+02
.133E+02        6    0.43077E+02
.133E+02        7    0.39767E+02
.133E+02        8    0.39378E+02
.133E+02        9    0.41439E+02
.133E+02       10    0.45260E+02
.133E+02       11    0.50000E+02


.140E+02        1    0.10000E+03
.140E+02        2    0.85580E+02
.140E+02        3    0.72112E+02
.140E+02        4    0.60443E+02
.140E+02        5    0.51225E+02
.140E+02        6    0.44852E+02
.140E+02        7    0.41429E+02
.140E+02        8    0.40773E+02
.140E+02        9    0.42442E+02
.140E+02       10    0.45784E+02
.140E+02       11    0.50000E+02


.147E+02        1    0.10000E+03
.147E+02        2    0.86119E+02
.147E+02        3    0.73131E+02
.147E+02        4    0.61833E+02
.147E+02        5    0.52840E+02
.147E+02        6    0.46528E+02
.147E+02        7    0.43003E+02
.147E+02        8    0.42097E+02
.147E+02        9    0.43395E+02
.147E+02       10    0.46282E+02
.147E+02       11    0.50000E+02


.154E+02        1    0.10000E+03
.154E+02        2    0.86625E+02
.154E+02        3    0.74089E+02
.154E+02        4    0.63141E+02
.154E+02        5    0.54362E+02
.154E+02        6    0.48112E+02
.154E+02        7    0.44493E+02
.154E+02        8    0.43352E+02
.154E+02        9    0.44300E+02
.154E+02       10    0.46756E+02
.154E+02       11    0.50000E+02


.161E+02        1    0.10000E+03
.161E+02        2    0.87101E+02
.161E+02        3    0.74990E+02
.161E+02        4    0.64372E+02
.161E+02        5    0.55798E+02
.161E+02        6    0.49607E+02
.161E+02        7    0.45902E+02
.161E+02        8    0.44541E+02
.161E+02        9    0.45158E+02
.161E+02       10    0.47205E+02
.161E+02       11    0.50000E+02


.168E+02        1    0.10000E+03
.168E+02        2    0.87548E+02
.168E+02        3    0.75837E+02
.168E+02        4    0.65532E+02
.168E+02        5    0.57152E+02
.168E+02        6    0.51020E+02
.168E+02        7    0.47235E+02
.168E+02        8    0.45667E+02
.168E+02        9    0.45972E+02
.168E+02       10    0.47631E+02
.168E+02       11    0.50000E+02


.175E+02        1    0.10000E+03
.175E+02        2    0.87968E+02
.175E+02        3    0.76635E+02
.175E+02        4    0.66624E+02
.175E+02        5    0.58428E+02
.175E+02        6    0.52353E+02
.175E+02        7    0.48495E+02
.175E+02        8    0.46732E+02
.175E+02        9    0.46742E+02
.175E+02       10    0.48035E+02
.175E+02       11    0.50000E+02


.182E+02        1    0.10000E+03
.182E+02        2    0.88364E+02
.182E+02        3    0.77386E+02
.182E+02        4    0.67654E+02
.182E+02        5    0.59633E+02
.182E+02        6    0.53613E+02
.182E+02        7    0.49686E+02
.182E+02        8    0.47741E+02
.182E+02        9    0.47472E+02
.182E+02       10    0.48418E+02
.182E+02       11    0.50000E+02


.189E+02        1    0.10000E+03
.189E+02        2    0.88737E+02
.189E+02        3    0.78094E+02
.189E+02        4    0.68626E+02
.189E+02        5    0.60770E+02
.189E+02        6    0.54803E+02
.189E+02        7    0.50812E+02
.189E+02        8    0.48694E+02
.189E+02        9    0.48163E+02
.189E+02       10    0.48780E+02
.189E+02       11    0.50000E+02


.196E+02        1    0.10000E+03
.196E+02        2    0.89089E+02
.196E+02        3    0.78761E+02
.196E+02        4    0.69541E+02
.196E+02        5    0.61843E+02
.196E+02        6    0.55926E+02
.196E+02        7    0.51877E+02
.196E+02        8    0.49596E+02
.196E+02        9    0.48816E+02
.196E+02       10    0.49123E+02
.196E+02       11    0.50000E+02


.203E+02        1    0.10000E+03
.203E+02        2    0.89420E+02
.203E+02        3    0.79390E+02
.203E+02        4    0.70405E+02
.203E+02        5    0.62855E+02
.203E+02        6    0.56987E+02
.203E+02        7    0.52882E+02
.203E+02        8    0.50449E+02
.203E+02        9    0.49434E+02
.203E+02       10    0.49447E+02
.203E+02       11    0.50000E+02


.210E+02        1    0.10000E+03
.210E+02        2    0.89732E+02
.210E+02        3    0.79984E+02
.210E+02        4    0.71220E+02
.210E+02        5    0.63811E+02
.210E+02        6    0.57989E+02
.210E+02        7    0.53832E+02
.210E+02        8    0.51255E+02
.210E+02        9    0.50019E+02
.210E+02       10    0.49754E+02
.210E+02       11    0.50000E+02


.217E+02        1    0.10000E+03
.217E+02        2    0.90027E+02
.217E+02        3    0.80543E+02
.217E+02        4    0.71989E+02
.217E+02        5    0.64713E+02
.217E+02        6    0.58935E+02
.217E+02        7    0.54730E+02
.217E+02        8    0.52017E+02
.217E+02        9    0.50571E+02
.217E+02       10    0.50044E+02
.217E+02       11    0.50000E+02


.224E+02        1    0.10000E+03
.224E+02        2    0.90305E+02
.224E+02        3    0.81071E+02
.224E+02        4    0.72715E+02
.224E+02        5    0.65564E+02
.224E+02        6    0.59829E+02
.224E+02        7    0.55578E+02
.224E+02        8    0.52737E+02
.224E+02        9    0.51094E+02
.224E+02       10    0.50319E+02
.224E+02       11    0.50000E+02


.231E+02        1    0.10000E+03
.231E+02        2    0.90567E+02
.231E+02        3    0.81570E+02
.231E+02        4    0.73400E+02
.231E+02        5    0.66368E+02
.231E+02        6    0.60673E+02
.231E+02        7    0.56379E+02
.231E+02        8    0.53418E+02
.231E+02        9    0.51588E+02
.231E+02       10    0.50578E+02
.231E+02       11    0.50000E+02


.238E+02        1    0.10000E+03
.238E+02        2    0.90814E+02
.238E+02        3    0.82040E+02
.238E+02        4    0.74046E+02
.238E+02        5    0.67127E+02
.238E+02        6    0.61470E+02
.238E+02        7    0.57136E+02
.238E+02        8    0.54061E+02
.238E+02        9    0.52054E+02
.238E+02       10    0.50823E+02
.238E+02       11    0.50000E+02


.245E+02        1    0.10000E+03
.245E+02        2    0.91048E+02
.245E+02        3    0.82484E+02
.245E+02        4    0.74657E+02
.245E+02        5    0.67844E+02
.245E+02        6    0.62222E+02
.245E+02        7    0.57851E+02
.245E+02        8    0.54668E+02
.245E+02        9    0.52495E+02
.245E+02       10    0.51055E+02
.245E+02       11    0.50000E+02


.252E+02        1    0.10000E+03
.252E+02        2    0.91268E+02
.252E+02        3    0.82903E+02
.252E+02        4    0.75233E+02
.252E+02        5    0.68521E+02
.252E+02        6    0.62933E+02
.252E+02        7    0.58526E+02
.252E+02        8    0.55242E+02
.252E+02        9    0.52912E+02
.252E+02       10    0.51274E+02
.252E+02       11    0.50000E+02


.259E+02        1    0.10000E+03
.259E+02        2    0.91476E+02
.259E+02        3    0.83298E+02
.259E+02        4    0.75777E+02
.259E+02        5    0.69160E+02
.259E+02        6    0.63604E+02
.259E+02        7    0.59164E+02
.259E+02        8    0.55784E+02
.259E+02        9    0.53305E+02
.259E+02       10    0.51481E+02
.259E+02       11    0.50000E+02


.266E+02        1    0.10000E+03
.266E+02        2    0.91673E+02
.266E+02        3    0.83671E+02
.266E+02        4    0.76290E+02
.266E+02        5    0.69763E+02
.266E+02        6    0.64238E+02
.266E+02        7    0.59767E+02
.266E+02        8    0.56296E+02
.266E+02        9    0.53677E+02
.266E+02       10    0.51676E+02
.266E+02       11    0.50000E+02


.273E+02        1    0.10000E+03
.273E+02        2    0.91858E+02
.273E+02        3    0.84024E+02
.273E+02        4    0.76775E+02
.273E+02        5    0.70333E+02
.273E+02        6    0.64837E+02
.273E+02        7    0.60336E+02
.273E+02        8    0.56780E+02
.273E+02        9    0.54028E+02
.273E+02       10    0.51861E+02
.273E+02       11    0.50000E+02


.280E+02        1    0.10000E+03
.280E+02        2    0.92033E+02
.280E+02        3    0.84357E+02
.280E+02        4    0.77233E+02
.280E+02        5    0.70871E+02
.280E+02        6    0.65402E+02
.280E+02        7    0.60873E+02
.280E+02        8    0.57237E+02
.280E+02        9    0.54360E+02
.280E+02       10    0.52035E+02
.280E+02       11    0.50000E+02


.287E+02        1    0.10000E+03
.287E+02        2    0.92198E+02
.287E+02        3    0.84671E+02
.287E+02        4    0.77665E+02
.287E+02        5    0.71379E+02
.287E+02        6    0.65936E+02
.287E+02        7    0.61380E+02
.287E+02        8    0.57668E+02
.287E+02        9    0.54674E+02
.287E+02       10    0.52200E+02
.287E+02       11    0.50000E+02


.294E+02        1    0.10000E+03
.294E+02        2    0.92354E+02
.294E+02        3    0.84967E+02
.294E+02        4    0.78074E+02
.294E+02        5    0.71858E+02
.294E+02        6    0.66440E+02
.294E+02        7    0.61860E+02
.294E+02        8    0.58076E+02
.294E+02        9    0.54970E+02
.294E+02       10    0.52356E+02
.294E+02       11    0.50000E+02


.301E+02        1    0.10000E+03
.301E+02        2    0.92501E+02
.301E+02        3    0.85247E+02
.301E+02        4    0.78459E+02
.301E+02        5    0.72311E+02
.301E+02        6    0.66916E+02
.301E+02        7    0.62312E+02
.301E+02        8    0.58461E+02
.301E+02        9    0.55249E+02
.301E+02       10    0.52503E+02
.301E+02       11    0.50000E+02


.308E+02        1    0.10000E+03
.308E+02        2    0.92640E+02
.308E+02        3    0.85512E+02
.308E+02        4    0.78823E+02
.308E+02        5    0.72739E+02
.308E+02        6    0.67366E+02
.308E+02        7    0.62740E+02
.308E+02        8    0.58825E+02
.308E+02        9    0.55513E+02
.308E+02       10    0.52641E+02
.308E+02       11    0.50000E+02


.315E+02        1    0.10000E+03
.315E+02        2    0.92772E+02
.315E+02        3    0.85762E+02
.315E+02        4    0.79167E+02
.315E+02        5    0.73143E+02
.315E+02        6    0.67790E+02
.315E+02        7    0.63144E+02
.315E+02        8    0.59168E+02
.315E+02        9    0.55763E+02
.315E+02       10    0.52773E+02
.315E+02       11    0.50000E+02


.322E+02        1    0.10000E+03
.322E+02        2    0.92896E+02
.322E+02        3    0.85998E+02
.322E+02        4    0.79491E+02
.322E+02        5    0.73524E+02
.322E+02        6    0.68191E+02
.322E+02        7    0.63525E+02
.322E+02        8    0.59492E+02
.322E+02        9    0.55999E+02
.322E+02       10    0.52896E+02
.322E+02       11    0.50000E+02


.329E+02        1    0.10000E+03
.329E+02        2    0.93013E+02
.329E+02        3    0.86220E+02
.329E+02        4    0.79798E+02
.329E+02        5    0.73885E+02
.329E+02        6    0.68570E+02
.329E+02        7    0.63885E+02
.329E+02        8    0.59799E+02
.329E+02        9    0.56221E+02
.329E+02       10    0.53013E+02
.329E+02       11    0.50000E+02


.336E+02        1    0.10000E+03
.336E+02        2    0.93123E+02
.336E+02        3    0.86431E+02
.336E+02        4    0.80087E+02
.336E+02        5    0.74225E+02
.336E+02        6    0.68928E+02
.336E+02        7    0.64225E+02
.336E+02        8    0.60088E+02
.336E+02        9    0.56431E+02
.336E+02       10    0.53124E+02
.336E+02       11    0.50000E+02


.343E+02        1    0.10000E+03
.343E+02        2    0.93228E+02
.343E+02        3    0.86629E+02
.343E+02        4    0.80361E+02
.343E+02        5    0.74546E+02
.343E+02        6    0.69266E+02
.343E+02        7    0.64546E+02
.343E+02        8    0.60361E+02
.343E+02        9    0.56630E+02
.343E+02       10    0.53228E+02
.343E+02       11    0.50000E+02


.350E+02        1    0.10000E+03
.350E+02        2    0.93326E+02
.350E+02        3    0.86817E+02
.350E+02        4    0.80619E+02
.350E+02        5    0.74849E+02
.350E+02        6    0.69585E+02
.350E+02        7    0.64850E+02
.350E+02        8    0.60619E+02
.350E+02        9    0.56817E+02
.350E+02       10    0.53327E+02
.350E+02       11    0.50000E+02


.357E+02        1    0.10000E+03
.357E+02        2    0.93420E+02
.357E+02        3    0.86994E+02
.357E+02        4    0.80862E+02
.357E+02        5    0.75136E+02
.357E+02        6    0.69886E+02
.357E+02        7    0.65136E+02
.357E+02        8    0.60863E+02
.357E+02        9    0.56994E+02
.357E+02       10    0.53420E+02
.357E+02       11    0.50000E+02


.364E+02        1    0.10000E+03
.364E+02        2    0.93507E+02
.364E+02        3    0.87161E+02
.364E+02        4    0.81093E+02
.364E+02        5    0.75407E+02
.364E+02        6    0.70170E+02
.364E+02        7    0.65407E+02
.364E+02        8    0.61093E+02
.364E+02        9    0.57161E+02
.364E+02       10    0.53508E+02
.364E+02       11    0.50000E+02


.371E+02        1    0.10000E+03
.371E+02        2    0.93590E+02
.371E+02        3    0.87319E+02
.371E+02        4    0.81310E+02
.371E+02        5    0.75662E+02
.371E+02        6    0.70439E+02
.371E+02        7    0.65662E+02
.371E+02        8    0.61310E+02
.371E+02        9    0.57319E+02
.371E+02       10    0.53591E+02
.371E+02       11    0.50000E+02


.378E+02        1    0.10000E+03
.378E+02        2    0.93669E+02
.378E+02        3    0.87468E+02
.378E+02        4    0.81515E+02
.378E+02        5    0.75903E+02
.378E+02        6    0.70693E+02
.378E+02        7    0.65903E+02
.378E+02        8    0.61515E+02
.378E+02        9    0.57468E+02
.378E+02       10    0.53669E+02
.378E+02       11    0.50000E+02


.385E+02        1    0.10000E+03
.385E+02        2    0.93743E+02
.385E+02        3    0.87609E+02
.385E+02        4    0.81709E+02
.385E+02        5    0.76131E+02
.385E+02        6    0.70932E+02
.385E+02        7    0.66131E+02
.385E+02        8    0.61709E+02
.385E+02        9    0.57609E+02
.385E+02       10    0.53743E+02
.385E+02       11    0.50000E+02


.392E+02        1    0.10000E+03
.392E+02        2    0.93813E+02
.392E+02        3    0.87742E+02
.392E+02        4    0.81892E+02
.392E+02        5    0.76346E+02
.392E+02        6    0.71158E+02
.392E+02        7    0.66347E+02
.392E+02        8    0.61892E+02
.392E+02        9    0.57742E+02
.392E+02       10    0.53813E+02
.392E+02       11    0.50000E+02


.399E+02        1    0.10000E+03
.399E+02        2    0.93879E+02
.399E+02        3    0.87868E+02
.399E+02        4    0.82065E+02
.399E+02        5    0.76550E+02
.399E+02        6    0.71372E+02
.399E+02        7    0.66550E+02
.399E+02        8    0.62065E+02
.399E+02        9    0.57868E+02
.399E+02       10    0.53879E+02
.399E+02       11    0.50000E+02


.406E+02        1    0.10000E+03
.406E+02        2    0.93941E+02
.406E+02        3    0.87986E+02
.406E+02        4    0.82228E+02
.406E+02        5    0.76742E+02
.406E+02        6    0.71574E+02
.406E+02        7    0.66742E+02
.406E+02        8    0.62228E+02
.406E+02        9    0.57986E+02
.406E+02       10    0.53941E+02
.406E+02       11    0.50000E+02


.413E+02        1    0.10000E+03
.413E+02        2    0.94000E+02
.413E+02        3    0.88098E+02
.413E+02        4    0.82382E+02
.413E+02        5    0.76923E+02
.413E+02        6    0.71765E+02
.413E+02        7    0.66923E+02
.413E+02        8    0.62382E+02
.413E+02        9    0.58098E+02
.413E+02       10    0.54000E+02
.413E+02       11    0.50000E+02


.420E+02        1    0.10000E+03
.420E+02        2    0.94056E+02
.420E+02        3    0.88204E+02
.420E+02        4    0.82528E+02
.420E+02        5    0.77094E+02
.420E+02        6    0.71944E+02
.420E+02        7    0.67094E+02
.420E+02        8    0.62528E+02
.420E+02        9    0.58204E+02
.420E+02       10    0.54056E+02
.420E+02       11    0.50000E+02


.427E+02        1    0.10000E+03
.427E+02        2    0.94108E+02
.427E+02        3    0.88304E+02
.427E+02        4    0.82666E+02
.427E+02        5    0.77256E+02
.427E+02        6    0.72114E+02
.427E+02        7    0.67256E+02
.427E+02        8    0.62666E+02
.427E+02        9    0.58304E+02
.427E+02       10    0.54108E+02
.427E+02       11    0.50000E+02


.434E+02        1    0.10000E+03
.434E+02        2    0.94158E+02
.434E+02        3    0.88398E+02
.434E+02        4    0.82795E+02
.434E+02        5    0.77408E+02
.434E+02        6    0.72275E+02
.434E+02        7    0.67408E+02
.434E+02        8    0.62795E+02
.434E+02        9    0.58398E+02
.434E+02       10    0.54158E+02
.434E+02       11    0.50000E+02


.441E+02        1    0.10000E+03
.441E+02        2    0.94205E+02
.441E+02        3    0.88487E+02
.441E+02        4    0.82918E+02
.441E+02        5    0.77552E+02
.441E+02        6    0.72427E+02
.441E+02        7    0.67552E+02
.441E+02        8    0.62918E+02
.441E+02        9    0.58487E+02
.441E+02       10    0.54205E+02
.441E+02       11    0.50000E+02


.448E+02        1    0.10000E+03
.448E+02        2    0.94249E+02
.448E+02        3    0.88571E+02
.448E+02        4    0.83034E+02
.448E+02        5    0.77689E+02
.448E+02        6    0.72570E+02
.448E+02        7    0.67689E+02
.448E+02        8    0.63034E+02
.448E+02        9    0.58571E+02
.448E+02       10    0.54249E+02
.448E+02       11    0.50000E+02


.455E+02        1    0.10000E+03
.455E+02        2    0.94291E+02
.455E+02        3    0.88651E+02
.455E+02        4    0.83143E+02
.455E+02        5    0.77817E+02
.455E+02        6    0.72705E+02
.455E+02        7    0.67817E+02
.455E+02        8    0.63143E+02
.455E+02        9    0.58651E+02
.455E+02       10    0.54291E+02
.455E+02       11    0.50000E+02


.462E+02        1    0.10000E+03
.462E+02        2    0.94330E+02
.462E+02        3    0.88726E+02
.462E+02        4    0.83246E+02
.462E+02        5    0.77939E+02
.462E+02        6    0.72833E+02
.462E+02        7    0.67939E+02
.462E+02        8    0.63246E+02
.462E+02        9    0.58726E+02
.462E+02       10    0.54330E+02
.462E+02       11    0.50000E+02


.469E+02        1    0.10000E+03
.469E+02        2    0.94367E+02
.469E+02        3    0.88797E+02
.469E+02        4    0.83344E+02
.469E+02        5    0.78053E+02
.469E+02        6    0.72953E+02
.469E+02        7    0.68053E+02
.469E+02        8    0.63344E+02
.469E+02        9    0.58797E+02
.469E+02       10    0.54367E+02
.469E+02       11    0.50000E+02


.476E+02        1    0.10000E+03
.476E+02        2    0.94403E+02
.476E+02        3    0.88864E+02
.476E+02        4    0.83436E+02
.476E+02        5    0.78162E+02
.476E+02        6    0.73067E+02
.476E+02        7    0.68162E+02
.476E+02        8    0.63436E+02
.476E+02        9    0.58864E+02
.476E+02       10    0.54403E+02
.476E+02       11    0.50000E+02


.483E+02        1    0.10000E+03
.483E+02        2    0.94436E+02
.483E+02        3    0.88927E+02
.483E+02        4    0.83523E+02
.483E+02        5    0.78264E+02
.483E+02        6    0.73174E+02
.483E+02        7    0.68264E+02
.483E+02        8    0.63523E+02
.483E+02        9    0.58927E+02
.483E+02       10    0.54436E+02
.483E+02       11    0.50000E+02


.490E+02        1    0.10000E+03
.490E+02        2    0.94467E+02
.490E+02        3    0.88987E+02
.490E+02        4    0.83605E+02
.490E+02        5    0.78360E+02
.490E+02        6    0.73276E+02
.490E+02        7    0.68360E+02
.490E+02        8    0.63605E+02
.490E+02        9    0.58987E+02
.490E+02       10    0.54467E+02
.490E+02       11    0.50000E+02


.497E+02        1    0.10000E+03
.497E+02        2    0.94497E+02
.497E+02        3    0.89043E+02
.497E+02        4    0.83683E+02
.497E+02        5    0.78452E+02
.497E+02        6    0.73372E+02
.497E+02        7    0.68452E+02
.497E+02        8    0.63683E+02
.497E+02        9    0.59043E+02
.497E+02       10    0.54497E+02
.497E+02       11    0.50000E+02


.504E+02        1    0.10000E+03
.504E+02        2    0.94525E+02
.504E+02        3    0.89096E+02
.504E+02        4    0.83756E+02
.504E+02        5    0.78538E+02
.504E+02        6    0.73462E+02
.504E+02        7    0.68538E+02
.504E+02        8    0.63756E+02
.504E+02        9    0.59096E+02
.504E+02       10    0.54525E+02
.504E+02       11    0.50000E+02


.511E+02        1    0.10000E+03
.511E+02        2    0.94551E+02
.511E+02        3    0.89147E+02
.511E+02        4    0.83825E+02
.511E+02        5    0.78619E+02
.511E+02        6    0.73548E+02
.511E+02        7    0.68619E+02
.511E+02        8    0.63825E+02
.511E+02        9    0.59147E+02
.511E+02       10    0.54551E+02
.511E+02       11    0.50000E+02


.518E+02        1    0.10000E+03
.518E+02        2    0.94576E+02
.518E+02        3    0.89194E+02
.518E+02        4    0.83891E+02
.518E+02        5    0.78696E+02
.518E+02        6    0.73629E+02
.518E+02        7    0.68696E+02
.518E+02        8    0.63891E+02
.518E+02        9    0.59194E+02
.518E+02       10    0.54576E+02
.518E+02       11    0.50000E+02


.525E+02        1    0.10000E+03
.525E+02        2    0.94600E+02
.525E+02        3    0.89239E+02
.525E+02        4    0.83952E+02
.525E+02        5    0.78768E+02
.525E+02        6    0.73705E+02
.525E+02        7    0.68768E+02
.525E+02        8    0.63952E+02
.525E+02        9    0.59239E+02
.525E+02       10    0.54600E+02
.525E+02       11    0.50000E+02


.532E+02        1    0.10000E+03
.532E+02        2    0.94622E+02
.532E+02        3    0.89281E+02
.532E+02        4    0.84011E+02
.532E+02        5    0.78837E+02
.532E+02        6    0.73777E+02
.532E+02        7    0.68837E+02
.532E+02        8    0.64011E+02
.532E+02        9    0.59281E+02
.532E+02       10    0.54622E+02
.532E+02       11    0.50000E+02


.539E+02        1    0.10000E+03
.539E+02        2    0.94643E+02
.539E+02        3    0.89321E+02
.539E+02        4    0.84066E+02
.539E+02        5    0.78902E+02
.539E+02        6    0.73845E+02
.539E+02        7    0.68902E+02
.539E+02        8    0.64066E+02
.539E+02        9    0.59321E+02
.539E+02       10    0.54643E+02
.539E+02       11    0.50000E+02


.546E+02        1    0.10000E+03
.546E+02        2    0.94663E+02
.546E+02        3    0.89359E+02
.546E+02        4    0.84118E+02
.546E+02        5    0.78963E+02
.546E+02        6    0.73909E+02
.546E+02        7    0.68963E+02
.546E+02        8    0.64118E+02
.546E+02        9    0.59359E+02
.546E+02       10    0.54663E+02
.546E+02       11    0.50000E+02


.553E+02        1    0.10000E+03
.553E+02        2    0.94682E+02
.553E+02        3    0.89395E+02
.553E+02        4    0.84167E+02
.553E+02        5    0.79020E+02
.553E+02        6    0.73970E+02
.553E+02        7    0.69020E+02
.553E+02        8    0.64167E+02
.553E+02        9    0.59395E+02
.553E+02       10    0.54682E+02
.553E+02       11    0.50000E+02


.560E+02        1    0.10000E+03
.560E+02        2    0.94699E+02
.560E+02        3    0.89428E+02
.560E+02        4    0.84213E+02
.560E+02        5    0.79075E+02
.560E+02        6    0.74027E+02
.560E+02        7    0.69075E+02
.560E+02        8    0.64213E+02
.560E+02        9    0.59428E+02
.560E+02       10    0.54699E+02
.560E+02       11    0.50000E+02


.567E+02        1    0.10000E+03
.567E+02        2    0.94716E+02
.567E+02        3    0.89460E+02
.567E+02        4    0.84257E+02
.567E+02        5    0.79126E+02
.567E+02        6    0.74081E+02
.567E+02        7    0.69126E+02
.567E+02        8    0.64257E+02
.567E+02        9    0.59460E+02
.567E+02       10    0.54716E+02
.567E+02       11    0.50000E+02


.574E+02        1    0.10000E+03
.574E+02        2    0.94732E+02
.574E+02        3    0.89490E+02
.574E+02        4    0.84298E+02
.574E+02        5    0.79175E+02
.574E+02        6    0.74132E+02
.574E+02        7    0.69175E+02
.574E+02        8    0.64298E+02
.574E+02        9    0.59490E+02
.574E+02       10    0.54732E+02
.574E+02       11    0.50000E+02


.581E+02        1    0.10000E+03
.581E+02        2    0.94747E+02
.581E+02        3    0.89518E+02
.581E+02        4    0.84337E+02
.581E+02        5    0.79221E+02
.581E+02        6    0.74181E+02
.581E+02        7    0.69221E+02
.581E+02        8    0.64337E+02
.581E+02        9    0.59518E+02
.581E+02       10    0.54747E+02
.581E+02       11    0.50000E+02


.588E+02        1    0.10000E+03
.588E+02        2    0.94761E+02
.588E+02        3    0.89545E+02
.588E+02        4    0.84374E+02
.588E+02        5    0.79264E+02
.588E+02        6    0.74226E+02
.588E+02        7    0.69264E+02
.588E+02        8    0.64374E+02
.588E+02        9    0.59545E+02
.588E+02       10    0.54761E+02
.588E+02       11    0.50000E+02


.595E+02        1    0.10000E+03
.595E+02        2    0.94774E+02
.595E+02        3    0.89571E+02
.595E+02        4    0.84409E+02
.595E+02        5    0.79305E+02
.595E+02        6    0.74269E+02
.595E+02        7    0.69305E+02
.595E+02        8    0.64409E+02
.595E+02        9    0.59571E+02
.595E+02       10    0.54774E+02
.595E+02       11    0.50000E+02


.602E+02        1    0.10000E+03
.602E+02        2    0.94787E+02
.602E+02        3    0.89594E+02
.602E+02        4    0.84442E+02
.602E+02        5    0.79344E+02
.602E+02        6    0.74310E+02
.602E+02        7    0.69344E+02
.602E+02        8    0.64442E+02
.602E+02        9    0.59594E+02
.602E+02       10    0.54787E+02
.602E+02       11    0.50000E+02


.609E+02        1    0.10000E+03
.609E+02        2    0.94799E+02
.609E+02        3    0.89617E+02
.609E+02        4    0.84473E+02
.609E+02        5    0.79380E+02
.609E+02        6    0.74348E+02
.609E+02        7    0.69380E+02
.609E+02        8    0.64473E+02
.609E+02        9    0.59617E+02
.609E+02       10    0.54799E+02
.609E+02       11    0.50000E+02


.616E+02        1    0.10000E+03
.616E+02        2    0.94810E+02
.616E+02        3    0.89638E+02
.616E+02        4    0.84502E+02
.616E+02        5    0.79415E+02
.616E+02        6    0.74385E+02
.616E+02        7    0.69415E+02
.616E+02        8    0.64502E+02
.616E+02        9    0.59638E+02
.616E+02       10    0.54810E+02
.616E+02       11    0.50000E+02


.623E+02        1    0.10000E+03
.623E+02        2    0.94820E+02
.623E+02        3    0.89658E+02
.623E+02        4    0.84530E+02
.623E+02        5    0.79447E+02
.623E+02        6    0.74419E+02
.623E+02        7    0.69447E+02
.623E+02        8    0.64530E+02
.623E+02        9    0.59658E+02
.623E+02       10    0.54820E+02
.623E+02       11    0.50000E+02


.630E+02        1    0.10000E+03
.630E+02        2    0.94830E+02
.630E+02        3    0.89677E+02
.630E+02        4    0.84556E+02
.630E+02        5    0.79478E+02
.630E+02        6    0.74451E+02
.630E+02        7    0.69478E+02
.630E+02        8    0.64556E+02
.630E+02        9    0.59677E+02
.630E+02       10    0.54830E+02
.630E+02       11    0.50000E+02


.637E+02        1    0.10000E+03
.637E+02        2    0.94840E+02
.637E+02        3    0.89695E+02
.637E+02        4    0.84581E+02
.637E+02        5    0.79507E+02
.637E+02        6    0.74482E+02
.637E+02        7    0.69507E+02
.637E+02        8    0.64581E+02
.637E+02        9    0.59695E+02
.637E+02       10    0.54840E+02
.637E+02       11    0.50000E+02


.644E+02        1    0.10000E+03
.644E+02        2    0.94849E+02
.644E+02        3    0.89712E+02
.644E+02        4    0.84604E+02
.644E+02        5    0.79534E+02
.644E+02        6    0.74511E+02
.644E+02        7    0.69534E+02
.644E+02        8    0.64604E+02
.644E+02        9    0.59712E+02
.644E+02       10    0.54849E+02
.644E+02       11    0.50000E+02


.651E+02        1    0.10000E+03
.651E+02        2    0.94857E+02
.651E+02        3    0.89728E+02
.651E+02        4    0.84626E+02
.651E+02        5    0.79560E+02
.651E+02        6    0.74538E+02
.651E+02        7    0.69560E+02
.651E+02        8    0.64626E+02
.651E+02        9    0.59728E+02
.651E+02       10    0.54857E+02
.651E+02       11    0.50000E+02


.658E+02        1    0.10000E+03
.658E+02        2    0.94865E+02
.658E+02        3    0.89743E+02
.658E+02        4    0.84647E+02
.658E+02        5    0.79585E+02
.658E+02        6    0.74563E+02
.658E+02        7    0.69585E+02
.658E+02        8    0.64647E+02
.658E+02        9    0.59743E+02
.658E+02       10    0.54865E+02
.658E+02       11    0.50000E+02


.665E+02        1    0.10000E+03
.665E+02        2    0.94873E+02
.665E+02        3    0.89758E+02
.665E+02        4    0.84666E+02
.665E+02        5    0.79608E+02
.665E+02        6    0.74588E+02
.665E+02        7    0.69608E+02
.665E+02        8    0.64666E+02
.665E+02        9    0.59758E+02
.665E+02       10    0.54873E+02
.665E+02       11    0.50000E+02


.672E+02        1    0.10000E+03
.672E+02        2    0.94880E+02
.672E+02        3    0.89771E+02
.672E+02        4    0.84685E+02
.672E+02        5    0.79630E+02
.672E+02        6    0.74611E+02
.672E+02        7    0.69630E+02
.672E+02        8    0.64685E+02
.672E+02        9    0.59771E+02
.672E+02       10    0.54880E+02
.672E+02       11    0.50000E+02


.679E+02        1    0.10000E+03
.679E+02        2    0.94886E+02
.679E+02        3    0.89784E+02
.679E+02        4    0.84703E+02
.679E+02        5    0.79650E+02
.679E+02        6    0.74632E+02
.679E+02        7    0.69650E+02
.679E+02        8    0.64703E+02
.679E+02        9    0.59784E+02
.679E+02       10    0.54886E+02
.679E+02       11    0.50000E+02


.686E+02        1    0.10000E+03
.686E+02        2    0.94893E+02
.686E+02        3    0.89796E+02
.686E+02        4    0.84719E+02
.686E+02        5    0.79670E+02
.686E+02        6    0.74653E+02
.686E+02        7    0.69670E+02
.686E+02        8    0.64719E+02
.686E+02        9    0.59796E+02
.686E+02       10    0.54893E+02
.686E+02       11    0.50000E+02


.693E+02        1    0.10000E+03
.693E+02        2    0.94899E+02
.693E+02        3    0.89807E+02
.693E+02        4    0.84735E+02
.693E+02        5    0.79688E+02
.693E+02        6    0.74672E+02
.693E+02        7    0.69688E+02
.693E+02        8    0.64735E+02
.693E+02        9    0.59807E+02
.693E+02       10    0.54899E+02
.693E+02       11    0.50000E+02


.700E+02        1    0.10000E+03
.700E+02        2    0.94904E+02
.700E+02        3    0.89818E+02
.700E+02        4    0.84749E+02
.700E+02        5    0.79705E+02
.700E+02        6    0.74690E+02
.700E+02        7    0.69705E+02
.700E+02        8    0.64749E+02
.700E+02        9    0.59818E+02
.700E+02       10    0.54904E+02
.700E+02       11    0.50000E+02


.707E+02        1    0.10000E+03
.707E+02        2    0.94910E+02
.707E+02        3    0.89828E+02
.707E+02        4    0.84763E+02
.707E+02        5    0.79722E+02
.707E+02        6    0.74708E+02
.707E+02        7    0.69722E+02
.707E+02        8    0.64763E+02
.707E+02        9    0.59828E+02
.707E+02       10    0.54910E+02
.707E+02       11    0.50000E+02


.714E+02        1    0.10000E+03
.714E+02        2    0.94915E+02
.714E+02        3    0.89838E+02
.714E+02        4    0.84777E+02
.714E+02        5    0.79737E+02
.714E+02        6    0.74724E+02
.714E+02        7    0.69737E+02
.714E+02        8    0.64777E+02
.714E+02        9    0.59838E+02
.714E+02       10    0.54915E+02
.714E+02       11    0.50000E+02


.721E+02        1    0.10000E+03
.721E+02        2    0.94919E+02
.721E+02        3    0.89847E+02
.721E+02        4    0.84789E+02
.721E+02        5    0.79752E+02
.721E+02        6    0.74739E+02
.721E+02        7    0.69752E+02
.721E+02        8    0.64789E+02
.721E+02        9    0.59847E+02
.721E+02       10    0.54919E+02
.721E+02       11    0.50000E+02


.728E+02        1    0.10000E+03
.728E+02        2    0.94924E+02
.728E+02        3    0.89855E+02
.728E+02        4    0.84801E+02
.728E+02        5    0.79766E+02
.728E+02        6    0.74754E+02
.728E+02        7    0.69766E+02
.728E+02        8    0.64801E+02
.728E+02        9    0.59855E+02
.728E+02       10    0.54924E+02
.728E+02       11    0.50000E+02


.735E+02        1    0.10000E+03
.735E+02        2    0.94928E+02
.735E+02        3    0.89863E+02
.735E+02        4    0.84812E+02
.735E+02        5    0.79779E+02
.735E+02        6    0.74767E+02
.735E+02        7    0.69779E+02
.735E+02        8    0.64812E+02
.735E+02        9    0.59863E+02
.735E+02       10    0.54928E+02
.735E+02       11    0.50000E+02


.742E+02        1    0.10000E+03
.742E+02        2    0.94932E+02
.742E+02        3    0.89871E+02
.742E+02        4    0.84822E+02
.742E+02        5    0.79791E+02
.742E+02        6    0.74780E+02
.742E+02        7    0.69791E+02
.742E+02        8    0.64822E+02
.742E+02        9    0.59871E+02
.742E+02       10    0.54932E+02
.742E+02       11    0.50000E+02


.749E+02        1    0.10000E+03
.749E+02        2    0.94936E+02
.749E+02        3    0.89878E+02
.749E+02        4    0.84832E+02
.749E+02        5    0.79803E+02
.749E+02        6    0.74793E+02
.749E+02        7    0.69803E+02
.749E+02        8    0.64832E+02
.749E+02        9    0.59878E+02
.749E+02       10    0.54936E+02
.749E+02       11    0.50000E+02


.756E+02        1    0.10000E+03
.756E+02        2    0.94939E+02
.756E+02        3    0.89885E+02
.756E+02        4    0.84842E+02
.756E+02        5    0.79814E+02
.756E+02        6    0.74804E+02
.756E+02        7    0.69814E+02
.756E+02        8    0.64842E+02
.756E+02        9    0.59885E+02
.756E+02       10    0.54939E+02
.756E+02       11    0.50000E+02


.763E+02        1    0.10000E+03
.763E+02        2    0.94943E+02
.763E+02        3    0.89891E+02
.763E+02        4    0.84850E+02
.763E+02        5    0.79824E+02
.763E+02        6    0.74815E+02
.763E+02        7    0.69824E+02
.763E+02        8    0.64850E+02
.763E+02        9    0.59891E+02
.763E+02       10    0.54943E+02
.763E+02       11    0.50000E+02


.770E+02        1    0.10000E+03
.770E+02        2    0.94946E+02
.770E+02        3    0.89897E+02
.770E+02        4    0.84859E+02
.770E+02        5    0.79834E+02
.770E+02        6    0.74825E+02
.770E+02        7    0.69834E+02
.770E+02        8    0.64859E+02
.770E+02        9    0.59897E+02
.770E+02       10    0.54946E+02
.770E+02       11    0.50000E+02


.777E+02        1    0.10000E+03
.777E+02        2    0.94949E+02
.777E+02        3    0.89903E+02
.777E+02        4    0.84867E+02
.777E+02        5    0.79843E+02
.777E+02        6    0.74835E+02
.777E+02        7    0.69843E+02
.777E+02        8    0.64867E+02
.777E+02        9    0.59903E+02
.777E+02       10    0.54949E+02
.777E+02       11    0.50000E+02


.784E+02        1    0.10000E+03
.784E+02        2    0.94952E+02
.784E+02        3    0.89908E+02
.784E+02        4    0.84874E+02
.784E+02        5    0.79852E+02
.784E+02        6    0.74844E+02
.784E+02        7    0.69852E+02
.784E+02        8    0.64874E+02
.784E+02        9    0.59908E+02
.784E+02       10    0.54952E+02
.784E+02       11    0.50000E+02


.791E+02        1    0.10000E+03
.791E+02        2    0.94955E+02
.791E+02        3    0.89914E+02
.791E+02        4    0.84881E+02
.791E+02        5    0.79860E+02
.791E+02        6    0.74853E+02
.791E+02        7    0.69860E+02
.791E+02        8    0.64881E+02
.791E+02        9    0.59914E+02
.791E+02       10    0.54955E+02
.791E+02       11    0.50000E+02


.798E+02        1    0.10000E+03
.798E+02        2    0.94957E+02
.798E+02        3    0.89918E+02
.798E+02        4    0.84888E+02
.798E+02        5    0.79868E+02
.798E+02        6    0.74861E+02
.798E+02        7    0.69868E+02
.798E+02        8    0.64888E+02
.798E+02        9    0.59918E+02
.798E+02       10    0.54957E+02
.798E+02       11    0.50000E+02


.805E+02        1    0.10000E+03
.805E+02        2    0.94959E+02
.805E+02        3    0.89923E+02
.805E+02        4    0.84894E+02
.805E+02        5    0.79875E+02
.805E+02        6    0.74869E+02
.805E+02        7    0.69875E+02
.805E+02        8    0.64894E+02
.805E+02        9    0.59923E+02
.805E+02       10    0.54959E+02
.805E+02       11    0.50000E+02


.812E+02        1    0.10000E+03
.812E+02        2    0.94962E+02
.812E+02        3    0.89927E+02
.812E+02        4    0.84900E+02
.812E+02        5    0.79882E+02
.812E+02        6    0.74876E+02
.812E+02        7    0.69882E+02
.812E+02        8    0.64900E+02
.812E+02        9    0.59927E+02
.812E+02       10    0.54962E+02
.812E+02       11    0.50000E+02


.819E+02        1    0.10000E+03
.819E+02        2    0.94964E+02
.819E+02        3    0.89931E+02
.819E+02        4    0.84905E+02
.819E+02        5    0.79889E+02
.819E+02        6    0.74883E+02
.819E+02        7    0.69889E+02
.819E+02        8    0.64905E+02
.819E+02        9    0.59931E+02
.819E+02       10    0.54964E+02
.819E+02       11    0.50000E+02


.826E+02        1    0.10000E+03
.826E+02        2    0.94966E+02
.826E+02        3    0.89935E+02
.826E+02        4    0.84911E+02
.826E+02        5    0.79895E+02
.826E+02        6    0.74889E+02
.826E+02        7    0.69895E+02
.826E+02        8    0.64911E+02
.826E+02        9    0.59935E+02
.826E+02       10    0.54966E+02
.826E+02       11    0.50000E+02


.833E+02        1    0.10000E+03
.833E+02        2    0.94968E+02
.833E+02        3    0.89939E+02
.833E+02        4    0.84916E+02
.833E+02        5    0.79901E+02
.833E+02        6    0.74896E+02
.833E+02        7    0.69901E+02
.833E+02        8    0.64916E+02
.833E+02        9    0.59939E+02
.833E+02       10    0.54968E+02
.833E+02       11    0.50000E+02


.840E+02        1    0.10000E+03
.840E+02        2    0.94970E+02
.840E+02        3    0.89942E+02
.840E+02        4    0.84920E+02
.840E+02        5    0.79906E+02
.840E+02        6    0.74901E+02
.840E+02        7    0.69906E+02
.840E+02        8    0.64920E+02
.840E+02        9    0.59942E+02
.840E+02       10    0.54970E+02
.840E+02       11    0.50000E+02


.847E+02        1    0.10000E+03
.847E+02        2    0.94971E+02
.847E+02        3    0.89945E+02
.847E+02        4    0.84925E+02
.847E+02        5    0.79911E+02
.847E+02        6    0.74907E+02
.847E+02        7    0.69911E+02
.847E+02        8    0.64925E+02
.847E+02        9    0.59945E+02
.847E+02       10    0.54971E+02
.847E+02       11    0.50000E+02


.854E+02        1    0.10000E+03
.854E+02        2    0.94973E+02
.854E+02        3    0.89948E+02
.854E+02        4    0.84929E+02
.854E+02        5    0.79916E+02
.854E+02        6    0.74912E+02
.854E+02        7    0.69916E+02
.854E+02        8    0.64929E+02
.854E+02        9    0.59948E+02
.854E+02       10    0.54973E+02
.854E+02       11    0.50000E+02


.861E+02        1    0.10000E+03
.861E+02        2    0.94974E+02
.861E+02        3    0.89951E+02
.861E+02        4    0.84933E+02
.861E+02        5    0.79921E+02
.861E+02        6    0.74917E+02
.861E+02        7    0.69921E+02
.861E+02        8    0.64933E+02
.861E+02        9    0.59951E+02
.861E+02       10    0.54974E+02
.861E+02       11    0.50000E+02


.868E+02        1    0.10000E+03
.868E+02        2    0.94976E+02
.868E+02        3    0.89954E+02
.868E+02        4    0.84937E+02
.868E+02        5    0.79925E+02
.868E+02        6    0.74922E+02
.868E+02        7    0.69925E+02
.868E+02        8    0.64937E+02
.868E+02        9    0.59954E+02
.868E+02       10    0.54976E+02
.868E+02       11    0.50000E+02


.875E+02        1    0.10000E+03
.875E+02        2    0.94977E+02
.875E+02        3    0.89956E+02
.875E+02        4    0.84940E+02
.875E+02        5    0.79930E+02
.875E+02        6    0.74926E+02
.875E+02        7    0.69930E+02
.875E+02        8    0.64940E+02
.875E+02        9    0.59956E+02
.875E+02       10    0.54977E+02
.875E+02       11    0.50000E+02


.882E+02        1    0.10000E+03
.882E+02        2    0.94978E+02
.882E+02        3    0.89959E+02
.882E+02        4    0.84943E+02
.882E+02        5    0.79933E+02
.882E+02        6    0.74930E+02
.882E+02        7    0.69933E+02
.882E+02        8    0.64943E+02
.882E+02        9    0.59959E+02
.882E+02       10    0.54978E+02
.882E+02       11    0.50000E+02


.889E+02        1    0.10000E+03
.889E+02        2    0.94980E+02
.889E+02        3    0.89961E+02
.889E+02        4    0.84947E+02
.889E+02        5    0.79937E+02
.889E+02        6    0.74934E+02
.889E+02        7    0.69937E+02
.889E+02        8    0.64947E+02
.889E+02        9    0.59961E+02
.889E+02       10    0.54980E+02
.889E+02       11    0.50000E+02


.896E+02        1    0.10000E+03
.896E+02        2    0.94981E+02
.896E+02        3    0.89963E+02
.896E+02        4    0.84950E+02
.896E+02        5    0.79941E+02
.896E+02        6    0.74938E+02
.896E+02        7    0.69941E+02
.896E+02        8    0.64950E+02
.896E+02        9    0.59963E+02
.896E+02       10    0.54981E+02
.896E+02       11    0.50000E+02


.903E+02        1    0.10000E+03
.903E+02        2    0.94982E+02
.903E+02        3    0.89965E+02
.903E+02        4    0.84952E+02
.903E+02        5    0.79944E+02
.903E+02        6    0.74941E+02
.903E+02        7    0.69944E+02
.903E+02        8    0.64952E+02
.903E+02        9    0.59965E+02
.903E+02       10    0.54982E+02
.903E+02       11    0.50000E+02


.910E+02        1    0.10000E+03
.910E+02        2    0.94983E+02
.910E+02        3    0.89967E+02
.910E+02        4    0.84955E+02
.910E+02        5    0.79947E+02
.910E+02        6    0.74944E+02
.910E+02        7    0.69947E+02
.910E+02        8    0.64955E+02
.910E+02        9    0.59967E+02
.910E+02       10    0.54983E+02
.910E+02       11    0.50000E+02


.917E+02        1    0.10000E+03
.917E+02        2    0.94984E+02
.917E+02        3    0.89969E+02
.917E+02        4    0.84958E+02
.917E+02        5    0.79950E+02
.917E+02        6    0.74947E+02
.917E+02        7    0.69950E+02
.917E+02        8    0.64958E+02
.917E+02        9    0.59969E+02
.917E+02       10    0.54984E+02
.917E+02       11    0.50000E+02


.924E+02        1    0.10000E+03
.924E+02        2    0.94985E+02
.924E+02        3    0.89971E+02
.924E+02        4    0.84960E+02
.924E+02        5    0.79953E+02
.924E+02        6    0.74950E+02
.924E+02        7    0.69953E+02
.924E+02        8    0.64960E+02
.924E+02        9    0.59971E+02
.924E+02       10    0.54985E+02
.924E+02       11    0.50000E+02


.931E+02        1    0.10000E+03
.931E+02        2    0.94986E+02
.931E+02        3    0.89972E+02
.931E+02        4    0.84962E+02
.931E+02        5    0.79955E+02
.931E+02        6    0.74953E+02
.931E+02        7    0.69955E+02
.931E+02        8    0.64962E+02
.931E+02        9    0.59972E+02
.931E+02       10    0.54986E+02
.931E+02       11    0.50000E+02


.938E+02        1    0.10000E+03
.938E+02        2    0.94986E+02
.938E+02        3    0.89974E+02
.938E+02        4    0.84964E+02
.938E+02        5    0.79958E+02
.938E+02        6    0.74956E+02
.938E+02        7    0.69958E+02
.938E+02        8    0.64964E+02
.938E+02        9    0.59974E+02
.938E+02       10    0.54986E+02
.938E+02       11    0.50000E+02


.945E+02        1    0.10000E+03
.945E+02        2    0.94987E+02
.945E+02        3    0.89975E+02
.945E+02        4    0.84966E+02
.945E+02        5    0.79960E+02
.945E+02        6    0.74958E+02
.945E+02        7    0.69960E+02
.945E+02        8    0.64966E+02
.945E+02        9    0.59975E+02
.945E+02       10    0.54987E+02
.945E+02       11    0.50000E+02


.952E+02        1    0.10000E+03
.952E+02        2    0.94988E+02
.952E+02        3    0.89977E+02
.952E+02        4    0.84968E+02
.952E+02        5    0.79962E+02
.952E+02        6    0.74961E+02
.952E+02        7    0.69962E+02
.952E+02        8    0.64968E+02
.952E+02        9    0.59977E+02
.952E+02       10    0.54988E+02
.952E+02       11    0.50000E+02


.959E+02        1    0.10000E+03
.959E+02        2    0.94988E+02
.959E+02        3    0.89978E+02
.959E+02        4    0.84970E+02
.959E+02        5    0.79965E+02
.959E+02        6    0.74963E+02
.959E+02        7    0.69965E+02
.959E+02        8    0.64970E+02
.959E+02        9    0.59978E+02
.959E+02       10    0.54988E+02
.959E+02       11    0.50000E+02


.966E+02        1    0.10000E+03
.966E+02        2    0.94989E+02
.966E+02        3    0.89979E+02
.966E+02        4    0.84972E+02
.966E+02        5    0.79967E+02
.966E+02        6    0.74965E+02
.966E+02        7    0.69967E+02
.966E+02        8    0.64972E+02
.966E+02        9    0.59979E+02
.966E+02       10    0.54989E+02
.966E+02       11    0.50000E+02


.973E+02        1    0.10000E+03
.973E+02        2    0.94990E+02
.973E+02        3    0.89980E+02
.973E+02        4    0.84973E+02
.973E+02        5    0.79968E+02
.973E+02        6    0.74967E+02
.973E+02        7    0.69968E+02
.973E+02        8    0.64973E+02
.973E+02        9    0.59980E+02
.973E+02       10    0.54990E+02
.973E+02       11    0.50000E+02


.980E+02        1    0.10000E+03
.980E+02        2    0.94990E+02
.980E+02        3    0.89982E+02
.980E+02        4    0.84975E+02
.980E+02        5    0.79970E+02
.980E+02        6    0.74969E+02
.980E+02        7    0.69970E+02
.980E+02        8    0.64975E+02
.980E+02        9    0.59982E+02
.980E+02       10    0.54990E+02
.980E+02       11    0.50000E+02


.987E+02        1    0.10000E+03
.987E+02        2    0.94991E+02
.987E+02        3    0.89983E+02
.987E+02        4    0.84976E+02
.987E+02        5    0.79972E+02
.987E+02        6    0.74970E+02
.987E+02        7    0.69972E+02
.987E+02        8    0.64976E+02
.987E+02        9    0.59983E+02
.987E+02       10    0.54991E+02
.987E+02       11    0.50000E+02


.994E+02        1    0.10000E+03
.994E+02        2    0.94991E+02
.994E+02        3    0.89984E+02
.994E+02        4    0.84977E+02
.994E+02        5    0.79973E+02
.994E+02        6    0.74972E+02
.994E+02        7    0.69973E+02
.994E+02        8    0.64977E+02
.994E+02        9    0.59984E+02
.994E+02       10    0.54991E+02
.994E+02       11    0.50000E+02


.100E+03        1    0.10000E+03
.100E+03        2    0.94992E+02
.100E+03        3    0.89984E+02
.100E+03        4    0.84979E+02
.100E+03        5    0.79975E+02
.100E+03        6    0.74974E+02
.100E+03        7    0.69975E+02
.100E+03        8    0.64979E+02
.100E+03        9    0.59984E+02
.100E+03       10    0.54992E+02
.100E+03       11    0.50000E+02
