  6.29462728343348488E-002   1.0649696198950065     
  7.92446640938529179E-002   1.0824691310034356     
  9.97631234477513035E-002   1.1049091600023273     
  0.12559433387545021        1.1338221217506277     
  0.15811390177533191        1.1712996002138731     
  0.19905361303489530        1.2202473853118398     
  0.25059365696095615        1.2847879136228155     
  0.31547872933136178        1.3709154513250119     
  0.39716419748021575        1.4876001701984647     
  0.50000011124180388        1.6487214541068667     
  0.62946285900875965        1.8766023084726622     
  0.79244680543653911        2.2087943097028031     
  0.99763144156824213        2.7118510379723006     
   1.2559435994662891        3.5111499309062317     
   1.5811393459700198        4.8604904379041729     
   1.9905365435493065        7.3194599179420186     
   2.5059370897979973        12.255037657441484     
   3.1547879481920722        23.448064359771386     
   3.9716427992453025        53.071645323164184     
   5.0000021503304861        148.41347824026028     
