 #	posición (m)	desplazamiento (m)	ángulo	Fuerza (kN)	Momento (kNm)
   0.0000000000000000        0.0000000000000000        0.0000000000000000       -69767.441808707372       -69767.441808707372     
  0.75000000000000000       3.50394521738420228E-004  7.78654492752045048E-004   0.0000000000000000        0.0000000000000000     
   1.5000000000000000       9.34385391302453906E-004  6.22923594201635648E-004   0.0000000000000000        0.0000000000000000     
   2.2500000000000000       1.05118356521526025E-003 -4.67192695651227387E-004   0.0000000000000000        0.0000000000000000     
   3.0000000000000000        0.0000000000000000      -2.49169437680654172E-003   116279.06968118032        0.0000000000000000     
   3.7500000000000000      -2.72529072463215203E-003 -4.67192695651225381E-003   0.0000000000000000        0.0000000000000000     
   4.5000000000000000      -6.85215953621798324E-003 -6.22923594201635344E-003   0.0000000000000000        0.0000000000000000     
   5.2500000000000000      -1.19134137391062756E-002 -7.16362133331881808E-003   0.0000000000000000        0.0000000000000000     
   6.0000000000000000      -1.74418606376457973E-002 -7.47508313041963992E-003  -50000.000000000000        0.0000000000000000     
