Elemento 0, scale = 2.000000e+02
[[ 0.  0.  0.  0.]
 [ 0.  1.  0. -1.]
 [ 0.  0.  0.  0.]
 [ 0. -1.  0.  1.]]
Elemento 1, scale = 2.000000e+02
[[ 1.  0. -1.  0.]
 [ 0.  0.  0.  0.]
 [-1.  0.  1.  0.]
 [ 0.  0.  0.  0.]]
Elemento 2, scale = 7.071068e+01
[[ 1.  1. -1. -1.]
 [ 1.  1. -1. -1.]
 [-1. -1.  1.  1.]
 [-1. -1.  1.  1.]]


Matriz Global , scale factor = 2.707107e+02
[[ 0.26  0.26  0.    0.   -0.26 -0.26]
 [ 0.26  1.    0.   -0.74 -0.26 -0.26]
 [ 0.    0.    0.74  0.   -0.74  0.  ]
 [ 0.   -0.74  0.    0.74  0.    0.  ]
 [-0.26 -0.26 -0.74  0.    1.    0.26]
 [-0.26 -0.26  0.    0.    0.26  0.26]]

 su determinante: 0.000000e+00