           0           0   54.264249062129096     
           0           1   75.000000000000014     
           0           2   75.000000000000000     
           0           3   75.000000000000000     
           0           4   75.000000000000000     
           0           5   75.000000000000000     
           0           6   75.000000000000000     
           0           7   75.000000000000000     
           0           8   75.000000000000000     
           0           9   75.000000000000000     
           0          10   75.000000000000000     
           0          11   75.000000000000000     
           0          12   75.000000000000000     
           0          13   75.000000000000000     
           0          14   75.000000000000000     
           0          15   75.000000000000000     
           0          16   75.000000000000000     
           0          17   75.000000000000000     
           0          18   75.000000000000000     
           0          19   75.000000000000000     
           0          20   75.000000000000000     
           0          21   75.000000000000000     
           0          22   75.000000000000000     
           0          23   75.000000000000000     
           0          24   75.000000000000000     
           0          25   75.000000000000000     
           0          26   75.000000000000000     
           0          27   75.000000000000000     
           0          28   75.000000000000000     
           0          29   75.000000000000000     
  
           1           0   67.056996248516356     
           1           1   71.761530594645748     
           1           2   73.336366842733000     
           1           3   73.952511752005904     
           1           4   74.238985433585810     
           1           5   74.398422774669399     
           1           6   74.504225825178025     
           1           7   74.586414309612806     
           1           8   74.658830109685695     
           1           9   74.728657303017641     
           1          10   74.800107152062168     
           1          11   74.875993709512912     
           1          12   74.958479592796664     
           1          13   75.049473343740203     
           1          14   75.150878279072572     
           1          15   75.264787286227261     
           1          16   75.393678920599669     
           1          17   75.540660691564597     
           1          18   75.709815050425519     
           1          19   75.906734864537228     
           1          20   76.139404052359183     
           1          21   76.419727525167389     
           1          22   76.766349460496912     
           1          23   77.210207578279523     
           1          24   77.806385833845098     
           1          25   78.661856878661155     
           1          26   80.007479851475381     
           1          27   82.406287818928234     
           1          28   87.423531629796557     
           1          29  100.000000000000000     
  
           2           0   70.440674742644816     
           2           1   71.652759287333623     
           2           2   72.631425024280375     
           2           3   73.234694731704806     
           2           4   73.605007207667953     
           2           5   73.850479839913788     
           2           6   74.032066216429882     
           2           7   74.182601303587532     
           2           8   74.320248826112334     
           2           9   74.455691950322745     
           2          10   74.595777595718133     
           2          11   74.745388093192872     
           2          12   74.908451317933526     
           2          13   75.088535503091634     
           2          14   75.289252486322823     
           2          15   75.514591945236717     
           2          16   75.769267704606804     
           2          17   76.059148795233170     
           2          18   76.391864645600236     
           2          19   76.777720355364181     
           2          20   77.231153819732100     
           2          21   77.773156587813503     
           2          22   78.435462738540735     
           2          23   79.268095018776052     
           2          24   80.353478878439731     
           2          25   81.833561829324154     
           2          26   83.961774708312163     
           2          27   87.194139794440986     
           2          28   92.287838700257993     
           2          29  100.000000000000000     
  
           3           0   71.400184147395663     
           3           1   71.777406787763582     
           3           2   72.301879235350057     
           3           3   72.749834942864979     
           3           4   73.095868825467406     
           3           5   73.366423160887948     
           3           6   73.590957897040184     
           3           7   73.791675862195049     
           3           8   73.983871940853376     
           3           9   74.178084076442886     
           3          10   74.381923187294717     
           3          11   74.601329749606862     
           3          12   74.841402082652920     
           3          13   75.106964864369971     
           3          14   75.403004217890398     
           3          15   75.735060303789993     
           3          16   76.109651157357632     
           3          17   76.534802139161016     
           3          18   77.020774381378089     
           3          19   77.581128091587146     
           3          20   78.234334283391547     
           3          21   79.006282267813802     
           3          22   79.934249887076490     
           3          23   81.073230879844246     
           3          24   82.505872831813619     
           3          25   84.357136851883553     
           3          26   86.811917358008117     
           3          27   90.120657950265567     
           3          28   94.533683376794443     
           3          29  100.000000000000000     
  
           4           0   71.605248271410673     
           4           1   71.754804480974997     
           4           2   72.048850186491308     
           4           3   72.366896978937646     
           4           4   72.662209990448744     
           4           5   72.928386081130412     
           4           6   73.173666348647828     
           4           7   73.409272307299119     
           4           8   73.645478998663194     
           4           9   73.890849227300734     
           4          10   74.152501327410960     
           4          11   74.436605635286938     
           4          12   74.748862398701306     
           4          13   75.094917653844945     
           4          14   75.480739217078849     
           4          15   75.912993894675225     
           4          16   76.399474481872758     
           4          17   76.949634222675215     
           4          18   77.575302649163987     
           4          19   78.291683346214754     
           4          20   79.118772954433140     
           4          21   80.083388312973653     
           4          22   81.222023662107105     
           4          23   82.584705781710795     
           4          24   84.239644717087032     
           4          25   86.277195388388336     
           4          26   88.808099921571198     
           4          27   91.942891271818752     
           4          28   95.726236856654197     
           4          29  100.000000000000000     
  
           5           0   71.511199976297036     
           5           1   71.587712678234396     
           5           2   71.771820050702573     
           5           3   72.006692795945568     
           5           4   72.257688076259456     
           5           5   72.511244824537101     
           5           6   72.766049109121596     
           5           7   73.026268019690391     
           5           8   73.297922519199531     
           5           9   73.587332506685868     
           5          10   73.900627259761464     
           5          11   74.243729065428639     
           5          12   74.622524223020463     
           5          13   75.043104135229640     
           5          14   75.512041101904828     
           5          15   76.036701575959270     
           5          16   76.625618652782961     
           5          17   77.288957620503155     
           5          18   78.039118646387905     
           5          19   78.891529689674698     
           5          20   79.865685875152622     
           5          21   80.986474367540580     
           5          22   82.285750666667468     
           5          23   83.803923867804855     
           5          24   85.590804866435377     
           5          25   87.703900063011588     
           5          26   90.200395668069604     
           5          27   93.116570358784074     
           5          28   96.428372778003677     
           5          29  100.000000000000000     
  
           6           0   71.264126277308705     
           6           1   71.313026204962981     
           6           2   71.444024542139047     
           6           3   71.630366077882627     
           6           4   71.850604694106437     
           6           5   72.092856031636956     
           6           6   72.353017243611077     
           6           7   72.631828143141306     
           6           8   72.932610551758629     
           6           9   73.259931020481744     
           6          10   73.618946139520361     
           6          11   74.015159143645718     
           6          12   74.454401292722252     
           6          13   74.942933562148369     
           6          14   75.487619479351537     
           6          15   76.096152654474125     
           6          16   76.777340932796648     
           6          17   77.541458960166509     
           6          18   78.400684626209866     
           6          19   79.369630890943455     
           6          20   80.465966488962067     
           6          21   81.711072615368494     
           6          22   83.130580769217318     
           6          23   84.754434156405807     
           6          24   86.615750817838020     
           6          25   88.747204329153035     
           6          26   91.173012328911554     
           6          27   93.894621717244277     
           6          28   96.870683896576423     
           6          29  100.000000000000000     
  
           7           0   70.919252723011823     
           7           1   70.956241322169788     
           7           2   71.060885835008037     
           7           3   71.220142279339470     
           7           4   71.421508590646724     
           7           5   71.656557364293235     
           7           6   71.921335690544510     
           7           7   72.215416757505139     
           7           8   72.540760524211990     
           7           9   72.900834883962105     
           7          10   73.300067134192545     
           7          11   73.743560076911692     
           7          12   74.236988242074460     
           7          13   74.786609341290074     
           7          14   75.399350598878769     
           7          15   76.082948629789030     
           7          16   76.846133463762982     
           7          17   77.698852661156323     
           7          18   78.652530007341625     
           7          19   79.720342758927146     
           7          20   80.917476574383684     
           7          21   82.261268835753981     
           7          22   83.771065638427530     
           7          23   85.467481170763008     
           7          24   87.370559919357817     
           7          25   89.496154106850994     
           7          26   91.849827601179314     
           7          27   94.418220284705086     
           7          28   97.159741091057725     
           7          29  100.000000000000000     
  
           8           0   70.500401970399039     
           8           1   70.531800525696283     
           8           2   70.623135196383870     
           8           3   70.767808613820549     
           8           4   70.958730024847782     
           8           5   71.190529144344723     
           8           6   71.460351396768601     
           8           7   71.767742672122736     
           8           8   72.114179903622144     
           8           9   72.502580856962098     
           8          10   72.936927436376038     
           8          11   73.422025787734029     
           8          12   73.963382257373837     
           8          13   74.567164962058683     
           8          14   75.240224945084378     
           8          15   75.990157802040301     
           8          16   76.825391631309969     
           8          17   77.755288213354191     
           8          18   78.790239983073192     
           8          19   79.941733563039790     
           8          20   81.222328213891515     
           8          21   82.645460514836174     
           8          22   84.224931777975797     
           8          23   85.973864968860894     
           8          24   87.902853581979258     
           8          25   90.017024577713769     
           8          26   92.311923684249663     
           8          27   94.768690729339085     
           8          28   97.350060182949406     
           8          29  100.000000000000000     
  
           9           0   70.018754107191782     
           9           1   70.047423613832450     
           9           2   70.132045811010627     
           9           3   70.269226954710987     
           9           4   70.455073750579189     
           9           5   70.686477791469287     
           9           6   70.961798080062451     
           9           7   71.281022630595118     
           9           8   71.645635561191753     
           9           9   72.058381203888118     
           9          10   72.523035966615453     
           9          11   73.044233380274605     
           9          12   73.627350037628190     
           9          13   74.278443304486473     
           9          14   75.004226417359831     
           9          15   75.812066001977811     
           9          16   76.709987046082404     
           9          17   77.706668577877323     
           9          18   78.811408148557192     
           9          19   80.034023296267293     
           9          20   81.384642203306356     
           9          21   82.873313231723429     
           9          22   84.509335989778606     
           9          23   86.300193344725542     
           9          24   88.249964861984637     
           9          25   90.357166937775219     
           9          26   92.612151828766500     
           9          27   94.994558765452155     
           9          28   97.471808911400800     
           9          29  100.000000000000000     
  
          10           0   69.479767230703217     
          10           1   69.507094011431064     
          10           2   69.588397479115201     
          10           3   69.721979643433571     
          10           4   69.905860231288742     
          10           5   70.138510190890784     
          10           6   70.419340501416755     
          10           7   70.748914209003530     
          10           8   71.128958506661576     
          10           9   71.562272430783182     
          10          10   72.052601845923078     
          10          11   72.604521729120776     
          10          12   73.223341208377846     
          10          13   73.915031800899214     
          10          14   74.686171417890662     
          10          15   75.543892742428653     
          10          16   76.495821973164482     
          10          17   77.549990903515521     
          10          18   78.714700737010958     
          10          19   79.998309270165834     
          10          20   81.408904071343215     
          10          21   82.953814218972610     
          10          22   84.638905604689654     
          10          23   86.467607558278033     
          10          24   88.439645583458599     
          10          25   90.549526482635898     
          10          26   92.784957927588920     
          10          27   95.125583592302149     
          10          28   97.542616697201609     
          10          29  100.000000000000000     
  
          11           0   68.886126792758958     
          11           1   68.912787722073389     
          11           2   68.992470450585586     
          11           3   69.124433908619295     
          11           4   69.307877340251395     
          11           5   69.542362239388368     
          11           6   69.828139525710242     
          11           7   70.166335197340672     
          11           8   70.559011825667838     
          11           9   71.009148166659926     
          11          10   71.520577257172917     
          11          11   72.097910481907618     
          11          12   72.746461265863218     
          11          13   73.472171272841848     
          11          14   74.281534710874965     
          11          15   75.181511576681643     
          11          16   76.179417200631349     
          11          17   77.282772326009280     
          11          18   78.499094625805228     
          11          19   79.835608976041883     
          11          20   81.298850592928105     
          11          21   82.894133968134170     
          11          22   84.624864651729368     
          11          23   86.491685700238364     
          11          24   88.491483430935872     
          11          25   90.616335481720867     
          11          26   92.852569806651204     
          11          27   95.180200978965900     
          11          28   97.573074285103530     
          11          29  100.000000000000000     
  
          12           0   68.239164496185836     
          12           1   68.265459633517935     
          12           2   68.344262692534429     
          12           3   68.475408200206658     
          12           4   68.658852981709174     
          12           5   68.894921900701050     
          12           6   69.184520164695172     
          12           7   69.529275228981120     
          12           8   69.931605432009135     
          12           9   70.394731153015755     
          12          10   70.922648534201073     
          12          11   71.520081675473563     
          12          12   72.192422100325530     
          12          13   72.945657313729953     
          12          14   73.786284576085635     
          12          15   74.721201652791621     
          12          16   75.757562926669991     
          12          17   76.902586574085007     
          12          18   78.163296464158776     
          12          19   79.546181415268322     
          12          20   81.056755356193122     
          12          21   82.699006408906612     
          12          22   84.474733333855312     
          12          23   86.382787160010196     
          12          24   88.418266958325702     
          12          25   90.571762206660509     
          12          26   92.828784838329113     
          12          27   95.169576231806658     
          12          28   97.569479464246669     
          12          29  100.000000000000000     
  
          13           0   67.539611924948517     
          13           1   67.565623623278114     
          13           2   67.643712485827535     
          13           3   67.774083217963707     
          13           4   67.957204485677536     
          13           5   68.193952217011471     
          13           6   68.485744003388248     
          13           7   68.834640121879502     
          13           8   69.243403520371828     
          13           9   69.715522479192870     
          13          10   70.255204051142044     
          13          11   70.867345585459972     
          13          12   71.557488146235372     
          13          13   72.331751305666828     
          13          14   73.196744626945986     
          13          15   74.159447531729271     
          13          16   75.227046279172001     
          13          17   76.406714579501994     
          13          18   77.705323241476549     
          13          19   79.129064864679506     
          13          20   80.682983007669435     
          13          21   82.370402977443831     
          13          22   84.192275114775043     
          13          23   86.146462647621362     
          13          24   88.227035035696218     
          13          25   90.423661548266395     
          13          26   92.721231108198126     
          13          27   95.099839645684924     
          13          28   97.535267340076444     
          13          29  100.000000000000000     
  
          14           0   66.788035957052017     
          14           1   66.813710448818441     
          14           2   66.890880409533906     
          14           3   67.020007700143154     
          14           4   67.201929526025808     
          14           5   67.437938478279094     
          14           6   67.729863509966876     
          14           7   68.080137734776784     
          14           8   68.491846048405804     
          14           9   68.968751192241839     
          14          10   69.515299605714290     
          14          11   70.136608468988882     
          14          12   70.838433593489114     
          14          13   71.627115135755972     
          14          14   72.509495094302210     
          14          15   73.492797568007532     
          14          16   74.584460078786776     
          14          17   75.791902223274434     
          14          18   77.122217057565933     
          14          19   78.581771794303762     
          14          20   80.175708832361309     
          14          21   81.907347378424248     
          14          22   83.777501500179710     
          14          23   85.783753280004063     
          14          24   87.919748988571442     
          14          25   90.174617842510742     
          14          26   92.532638400512042     
          14          27   94.973283902658480     
          14          28   97.471750250374185     
          14          29  100.000000000000000     
  
          15           0   65.985111005622670     
          15           1   66.010301805409725     
          15           2   66.086091003346510     
          15           3   66.213137647049237     
          15           4   66.392567440003432     
          15           5   66.626008660112191     
          15           6   66.915633823423420     
          15           7   67.264201258854925     
          15           8   67.675091746232724     
          15           9   68.152336635654393     
          15          10   68.700634710484380     
          15          11   69.325355091292209     
          15          12   70.032522622976259     
          15          13   70.828780549565721     
          15          14   71.721323046499350     
          15          15   72.717787567211872     
          15          16   73.826094244693152     
          15          17   75.054217177243032     
          15          18   76.409870971208960     
          15          19   77.900096422608257     
          15          20   79.530733149047776     
          15          21   81.305776203712099     
          15          22   83.226630227515471     
          15          23   85.291299983643711     
          15          24   87.493589796074701     
          15          25   89.822422432693060     
          15          26   92.261420748680862     
          15          27   94.788907314062826     
          15          28   97.378449758761789     
          15          29  100.000000000000000     
  
          16           0   65.131804454619200     
          16           1   65.156294763851250     
          16           2   65.230044151393201     
          16           3   65.353884444703823     
          16           4   65.529193926826494     
          16           5   65.757894898742791     
          16           6   66.042461864759687     
          16           7   66.385941730986801     
          16           8   66.791983042015787     
          16           9   67.264868893658630     
          16          10   67.809547509276612     
          16          11   68.431654562719331     
          16          12   69.137521257558035     
          16          13   69.934161393031317     
          16          14   70.829228974917555     
          16          15   71.830935409647466     
          16          16   72.947912155530915     
          16          17   74.189001269795611     
          16          18   75.562953227418646     
          16          19   77.078009775872502     
          16          20   78.741351137509469     
          16          21   80.558394059860916     
          16          22   82.531943222526365     
          16          23   84.661226630980593     
          16          24   86.940887779390636     
          16          25   89.360061343505933     
          16          26   91.901714847455537     
          16          27   94.542474846150199     
          16          28   97.253141470610160     
          16          29  100.000000000000000     
  
          17           0   64.229517285151658     
          17           1   64.253028643982873     
          17           2   64.323906393671166     
          17           3   64.443162053546359     
          17           4   64.612428923855973     
          17           5   64.833915143272819     
          17           6   65.110377005885780     
          17           7   65.445120758316818     
          17           8   65.842029797185035     
          17           9   66.305608387687698     
          17          10   66.841031870244123     
          17          11   67.454194392750495     
          17          12   68.151746451505176     
          17          13   68.941114790083972     
          17          14   69.830496050492073     
          17          15   70.828812940929552     
          17          16   71.945617697987458     
          17          17   73.190922518989822     
          17          18   74.574930892797497     
          17          19   76.107638315953594     
          17          20   77.798267565256623     
          17          21   79.654505675695674     
          17          22   81.681521971748481     
          17          23   83.880775538361632     
          17          24   86.248673347001329     
          17          25   88.775220314484528     
          17          26   91.442902451485125     
          17          27   94.226135752472203     
          17          28   97.091641277528652     
          17          29  100.000000000000000     
  
          18           0   63.280207398021709     
          18           1   63.302396133257389     
          18           2   63.369390725762223     
          18           3   63.482428451954448     
          18           4   63.643444571778218     
          18           5   63.854959744606681     
          18           6   64.120010257193812     
          18           7   64.442134499209587     
          18           8   64.825407000719835     
          18           9   65.274502989662963     
          18          10   65.794777191261687     
          18          11   66.392344686533320     
          18          12   67.074155365628215     
          18          13   67.848055265307309     
          18          14   68.722827496037198     
          18          15   69.708202605591225     
          18          16   70.814823176499559     
          18          17   72.054140215378737     
          18          18   73.438209508827867     
          18          19   74.979345029887853     
          18          20   76.689575131867812     
          18          21   78.579839105916676     
          18          22   80.658863450410195     
          18          23   82.931680203716041     
          18          24   85.397809755768520     
          18          25   88.049244115945697     
          18          26   90.868538891528218     
          18          27   93.827524434724737     
          18          28   96.887287887032258     
          18          29  100.000000000000000     
  
          19           0   62.286520040420406     
          19           1   62.306957765262759     
          19           2   62.368831924165875     
          19           3   62.473716456730969     
          19           4   62.623961166695764     
          19           5   62.822469006181905     
          19           6   63.072569779073170     
          19           7   63.377999980607875     
          19           8   63.742960716821784     
          19           9   64.172219378982632     
          19          10   64.671229218606413     
          19          11   65.246251796492942     
          19          12   65.904475059166984     
          19          13   66.654123409479851     
          19          14   67.504556062758198     
          19          15   68.466346808898521     
          19          16   69.551332187040856     
          19          17   70.772605657197701     
          19          18   72.144421897247355     
          19          19   73.681957162902222     
          19          20   75.400848826410154     
          19          21   77.316412165693023     
          19          22   79.442412520259623     
          19          23   81.789272070323790     
          19          24   84.361641356410999     
          19          25   87.155407502001538     
          19          26   90.154484563957311     
          19          27   93.328135207866268     
          19          28   96.629985835875644     
          19          29  100.000000000000000     
  
          20           0   61.251957233134391     
          20           1   61.270082963207365     
          20           2   61.325262748907583     
          20           3   61.419644284107790     
          20           4   61.556214632092015     
          20           5   61.738385334352024     
          20           6   61.969799872309075     
          20           7   62.254334927326965     
          20           8   62.596216506976816     
          20           9   63.000184590839353     
          20          10   63.471668507688342     
          20          11   64.016958221665021     
          20          12   64.643369665066942     
          20          13   65.359407250686900     
          20          14   66.174926536617193     
          20          15   67.101296380203777     
          20          16   68.151553105567672     
          20          17   69.340528329123856     
          20          18   70.684915260061572     
          20          19   72.203212898063526     
          20          20   73.915450845177574     
          20          21   75.842548210185640     
          20          22   78.005102394611413     
          20          23   80.421354200908496     
          20          24   83.104076097550035     
          20          25   86.056259971692114     
          20          26   89.265856654433264     
          20          27   92.700545996907366     
          20          28   96.304520248604007     
          20          29  100.000000000000000     
  
          21           0   60.181142965702442     
          21           1   60.196154105524720     
          21           2   60.242491824149326     
          21           3   60.323383298700556     
          21           4   60.442867743212446     
          21           5   60.605057826825103     
          21           6   60.813909448484146     
          21           7   61.073323349414125     
          21           8   61.387385792919162     
          21           9   61.760633969709609     
          21          10   62.198301999642595     
          21          11   62.706542917411895     
          21          12   63.292638128748848     
          21          13   63.965209391583613     
          21          14   64.734446452819896     
          21          15   65.612359069731752     
          21          16   66.613055525902197     
          21          17   67.753039293668522     
          21          18   69.051497915811510     
          21          19   70.530528324112680     
          21          20   72.215193446051003     
          21          21   74.133227435260579     
          21          22   76.314094647091892     
          21          23   78.786966241148718     
          21          24   81.577048861188487     
          21          25   84.699699632783634     
          21          26   88.152136085176238     
          21          27   91.903671876725866     
          21          28   95.887549161633018     
          21          29  100.000000000000000     
  
          22           0   59.080306418625952     
          22           1   59.090898669039738     
          22           2   59.125167143464445     
          22           3   59.188529343332696     
          22           4   59.286815215232082     
          22           5   59.425068781251774     
          22           6   59.607456745388269     
          22           7   59.837663228926260     
          22           8   60.119369345576111     
          22           9   60.456663495437361     
          22          10   60.854362603760549     
          22          11   61.318273319591150     
          22          12   61.855430540932929     
          22          13   62.474345734078774     
          22          14   63.185290813347024     
          22          15   64.000637920001182     
          22          16   64.935270634640887     
          22          17   66.007075403836481     
          22          18   67.237508785403264     
          22          19   68.652209036524695     
          22          20   70.281567179653152     
          22          21   72.161073437713767     
          22          22   74.331082517346829     
          22          23   76.835367255406013     
          22          24   79.717453473271519     
          22          25   83.013353613077612     
          22          26   86.739316176762202     
          22          27   90.874456263186801     
          22          28   95.342004521202227     
          22          29  100.000000000000000     
  
          23           0   57.958285370721889     
          23           1   57.961967008543851     
          23           2   57.978748737336041     
          23           3   58.018751715933682     
          23           4   58.090794993131389     
          23           5   58.200945337561635     
          23           6   58.353185522890932     
          23           7   58.550503475326558     
          23           8   58.795764865021688     
          23           9   59.092288062703176     
          23          10   59.444211600371091     
          23          11   59.856757216259233     
          23          12   60.336464981312965     
          23          13   60.891452190451560     
          23          14   61.531733146488243     
          23          15   62.269631162285037     
          23          16   63.120313688823707     
          23          17   64.102482901633238     
          23          18   65.239252785440371     
          23          19   66.559231856929642     
          23          20   68.097792798323141     
          23          21   69.898416618594524     
          23          22   72.013794729175672     
          23          23   74.505966789856984     
          23          24   77.444044163413949     
          23          25   80.896945169493094     
          23          26   84.917318745608128     
          23          27   89.512832478056936     
          23          28   94.606012659989076     
          23          29  100.000000000000000     
  
          24           0   56.828901047173929     
          24           1   56.819935257077759     
          24           2   56.809109081402191     
          24           3   56.816933789934595     
          24           4   56.856667703798166     
          24           5   56.934732052972436     
          24           6   57.053836533287246     
          24           7   57.215400284467336     
          24           8   57.420898576480923     
          24           9   57.672512289982571     
          24          10   57.973438518761405     
          24          11   58.328078963761769     
          24          12   58.742219977608158     
          24          13   59.223264899926228     
          24          14   59.780558419869330     
          24          15   60.425839893827032     
          24          16   61.173870056735687     
          24          17   62.043289728432434     
          24          18   63.057787597795276     
          24          19   64.247672807430334     
          24          20   65.651955538115217     
          24          21   67.321005509165460     
          24          22   69.319712990904350     
          24          23   71.730661011432289     
          24          24   74.655811221034114     
          24          25   78.213064155872672     
          24          26   82.520181158120280     
          24          27   87.653542243443709     
          24          28   93.569213640697072     
          24          29  100.000000000000000     
  
          25           0   55.717448303818315     
          25           1   55.679763891191044     
          25           2   55.620818541260370     
          25           3   55.583206658604318     
          25           4   55.584209979154245     
          25           5   55.627478637242703     
          25           6   55.712028272818280     
          25           7   55.836362552774624     
          25           8   55.999916866452111     
          25           9   56.203424001984793     
          25          10   56.448951220930198     
          25          11   56.739900142418307     
          25          12   57.081071065431665     
          25          13   57.478829011775865     
          25          14   57.941395739235823     
          25          15   58.479299936418116     
          25          16   59.106036915859569     
          25          17   59.839018357565550     
          25          18   60.700935069877985     
          25          19   61.721716236881178     
          25          20   62.941351037541970     
          25          21   64.413936889047747     
          25          22   66.213390713843992     
          25          23   68.441153043933724     
          25          24   71.235475553417558     
          25          25   74.779319074843229     
          25          26   79.296799487556584     
          25          27   85.011941696900536     
          25          28   92.017299659355459     
          25          29  100.000000000000000     
  
          26           0   54.681364385717259     
          26           1   54.560853462607724     
          26           2   54.411194533843918     
          26           3   54.310864324068049     
          26           4   54.269486916971807     
          26           5   54.278944244025858     
          26           6   54.330435367968548     
          26           7   54.418104787360718     
          26           8   54.538982334568125     
          26           9   54.692315630574264     
          26          10   54.879042220556286     
          26          11   55.101499319549589     
          26          12   55.363335129924323     
          26          13   55.669584342509722     
          26          14   56.026895588880009     
          26          15   56.443927196750053     
          26          16   56.931959312718931     
          26          17   57.505811716092232     
          26          18   58.185218087269952     
          26          19   58.996906032674403     
          26          20   59.977795486123732     
          26          21   61.180000295639516     
          26          22   62.678759931490127     
          26          23   64.585084897041071     
          26          24   67.065618873859179     
          26          25   70.371937102526132     
          26          26   74.875756020362260     
          26          27   81.080125397246434     
          26          28   89.488043299824227     
          26          29  100.000000000000000     
  
          27           0   53.886302313835287     
          27           1   53.471091039678669     
          27           2   53.152241807439530     
          27           3   52.979569186852153     
          27           4   52.903929120639106     
          27           5   52.888376053920396     
          27           6   52.912664167669320     
          27           7   52.966638894131528     
          27           8   53.045592053885422     
          27           9   53.147813965187837     
          27          10   53.273402711171052     
          27          11   53.423719785299426     
          27          12   53.601185792206323     
          27          13   53.809277639458706     
          27          14   54.052675077024432     
          27          15   54.337553948983192     
          27          16   54.672061422173833     
          27          17   55.067051106814482     
          27          18   55.537219530435181     
          27          19   56.102894320422749     
          27          20   56.792924578639031     
          27          21   57.649508875896466     
          27          22   58.736563819435936     
          27          23   60.154807738881260     
          27          24   62.069977942451928     
          27          25   64.767054441039875     
          27          26   68.754162094119906     
          27          27   74.944760571898755     
          27          28   84.854748142695016     
          27          29  100.000000000000000     
  
          28           0   53.921662790266552     
          28           1   52.284966574832147     
          28           2   51.747112469383396     
          28           3   51.551241495261920     
          28           4   51.478284324812080     
          28           5   51.457966683347315     
          28           6   51.465206354656821     
          28           7   51.490194567610622     
          28           8   51.528933021654169     
          28           9   51.579945465120652     
          28          10   51.643034873640609     
          28          11   51.718791318270725     
          28          12   51.808410614142858     
          28          13   51.913665346094341     
          28          14   52.036973130775799     
          28          15   52.181552099984422     
          28          16   52.351681320178741     
          28          17   52.553111758556703     
          28          18   52.793714607233568     
          28          19   53.084527139942381     
          28          20   53.441499632113199     
          28          21   53.888546809871379     
          28          22   54.463178731475864     
          28          23   55.227604296596127     
          28          24   56.292430716027397     
          28          25   57.872140625061512     
          28          26   60.429077343178768     
          28          27   65.090006653533649     
          28          28   74.986188699057152     
          28          29  100.000000000000000     
  
          29           0   57.230415697566642     
          29           1   50.000000000000000     
          29           2   50.000000000000000     
          29           3   50.000000000000000     
          29           4   50.000000000000000     
          29           5   50.000000000000000     
          29           6   50.000000000000000     
          29           7   50.000000000000000     
          29           8   50.000000000000000     
          29           9   50.000000000000000     
          29          10   50.000000000000000     
          29          11   50.000000000000000     
          29          12   50.000000000000000     
          29          13   50.000000000000000     
          29          14   50.000000000000000     
          29          15   50.000000000000000     
          29          16   50.000000000000000     
          29          17   50.000000000000000     
          29          18   50.000000000000000     
          29          19   50.000000000000000     
          29          20   50.000000000000000     
          29          21   50.000000000000000     
          29          22   50.000000000000000     
          29          23   50.000000000000000     
          29          24   50.000000000000000     
          29          25   50.000000000000000     
          29          26   50.000000000000000     
          29          27   50.000000000000000     
          29          28   50.000000000000000     
          29          29  100.000000000000000     
  
