# T EMEAN E2MEAN CV MMEAN  Mmean |M|mean siflips noflips 
     6.0000e+00     -2.7526e+00      2.5339e+01        1.2335e-05     -2.0400e-02      2.2829e+00 26184 13816
     5.8980e+00     -2.8344e+00      2.5930e+01        1.2861e-05     -8.2900e-02      2.3111e+00 25937 14063
     5.7959e+00     -2.9510e+00      2.6661e+01        1.3360e-05     -3.6350e-02      2.3481e+00 25219 14781
     5.6939e+00     -3.0366e+00      2.7291e+01        1.3934e-05     -2.7950e-02      2.3790e+00 24858 15142
     5.5918e+00     -3.0630e+00      2.7352e+01        1.4367e-05     -7.5100e-02      2.3851e+00 24804 15196
     5.4898e+00     -3.0884e+00      2.7427e+01        1.4839e-05      8.8550e-02      2.3902e+00 24619 15381
     5.3878e+00     -3.1926e+00      2.8226e+01        1.5531e-05      5.1750e-02      2.4293e+00 24104 15896
     5.2857e+00     -3.1192e+00      2.7725e+01        1.6103e-05      8.0150e-02      2.4021e+00 24271 15729
     5.1837e+00     -3.2296e+00      2.8294e+01        1.6621e-05     -4.2200e-02      2.4360e+00 23676 16324
     5.0816e+00     -3.3710e+00      2.9410e+01        1.7471e-05      5.7500e-03      2.4813e+00 23306 16694
     4.9796e+00     -3.4508e+00      2.9894e+01        1.8134e-05     -4.5450e-02      2.5080e+00 22774 17226
     4.8776e+00     -3.5642e+00      3.0629e+01        1.8837e-05     -3.1150e-02      2.5438e+00 22276 17724
     4.7755e+00     -3.5246e+00      3.0347e+01        1.9649e-05     -3.9850e-02      2.5282e+00 22403 17597
     4.6735e+00     -3.6518e+00      3.1074e+01        2.0303e-05      6.6450e-02      2.5697e+00 21675 18325
     4.5714e+00     -3.7122e+00      3.1608e+01        2.1327e-05      1.2170e-01      2.5890e+00 21377 18623
     4.4694e+00     -3.7804e+00      3.1904e+01        2.2043e-05      2.2050e-02      2.6065e+00 21119 18881
     4.3673e+00     -3.9002e+00      3.2859e+01        2.3131e-05     -3.0000e-02      2.6509e+00 20442 19558
     4.2653e+00     -4.0090e+00      3.3563e+01        2.4036e-05     -1.6790e-01      2.6848e+00 19987 20013
     4.1633e+00     -4.1802e+00      3.4933e+01        2.5182e-05     -1.0525e-01      2.7449e+00 19114 20886
     4.0612e+00     -4.2430e+00      3.5390e+01        2.6355e-05     -3.1850e-02      2.7620e+00 18777 21223
     3.9592e+00     -4.2750e+00      3.5477e+01        2.7434e-05     -1.5415e-01      2.7725e+00 18656 21344
     3.8571e+00     -4.4172e+00      3.6480e+01        2.8513e-05     -6.2750e-02      2.8144e+00 17975 22025
     3.7551e+00     -4.5214e+00      3.7288e+01        2.9865e-05     -5.9300e-02      2.8516e+00 17239 22761
     3.6531e+00     -4.7084e+00      3.8531e+01        3.0653e-05     -9.7350e-02      2.9135e+00 16508 23492
     3.5510e+00     -4.7476e+00      3.8877e+01        3.2390e-05     -1.1820e-01      2.9239e+00 16140 23860
     3.4490e+00     -4.9368e+00      4.0243e+01        3.3356e-05      2.1000e-02      2.9847e+00 15342 24658
     3.3469e+00     -5.0474e+00      4.1051e+01        3.4759e-05     -2.3350e-02      3.0206e+00 14828 25172
     3.2449e+00     -5.2912e+00      4.2890e+01        3.5360e-05     -1.9725e-01      3.1029e+00 13566 26434
     3.1429e+00     -5.3372e+00      4.3283e+01        3.7452e-05      1.4710e-01      3.1200e+00 13288 26712
     3.0408e+00     -5.5124e+00      4.4573e+01        3.8355e-05      1.6450e-01      3.1748e+00 12438 27562
     2.9388e+00     -5.5944e+00      4.5146e+01        4.0087e-05      4.8200e-02      3.2013e+00 11922 28078
     2.8367e+00     -5.9050e+00      4.7502e+01        3.9248e-05      2.1350e-02      3.3043e+00 10532 29468
     2.7347e+00     -6.0294e+00      4.8546e+01        4.0756e-05      1.7350e-02      3.3474e+00 9916 30084
     2.6327e+00     -6.2674e+00      5.0347e+01        3.9919e-05      7.4450e-02      3.4247e+00 8685 31315
     2.5306e+00     -6.3408e+00      5.0931e+01        4.1870e-05      7.0400e-02      3.4484e+00 8345 31655
     2.4286e+00     -6.5270e+00      5.2386e+01        4.1471e-05     -5.9550e-02      3.5103e+00 7308 32692
     2.3265e+00     -6.7026e+00      5.3698e+01        4.0519e-05      1.4240e-01      3.5675e+00 6487 33513
     2.2245e+00     -6.8724e+00      5.5037e+01        3.9442e-05     -1.0930e-01      3.6267e+00 5585 34415
     2.1224e+00     -7.0066e+00      5.6117e+01        3.8983e-05     -1.3860e-01      3.6693e+00 4932 35068
     2.0204e+00     -7.1938e+00      5.7611e+01        3.5892e-05      4.6030e-01      3.7322e+00 4064 35936
     1.9184e+00     -7.3144e+00      5.8528e+01        3.4153e-05     -2.0885e-01      3.7710e+00 3458 36542
     1.8163e+00     -7.4978e+00      5.9989e+01        2.8583e-05     -3.1490e-01      3.8328e+00 2532 37468
     1.7143e+00     -7.5586e+00      6.0482e+01        2.8491e-05      6.1405e-01      3.8540e+00 2210 37790
     1.6122e+00     -7.7144e+00      6.1718e+01        2.1221e-05      3.0675e-01      3.9061e+00 1412 38588
     1.5102e+00     -7.7970e+00      6.2376e+01        1.7350e-05      2.4400e-02      3.9327e+00 1032 38968
     1.4082e+00     -7.8184e+00      6.2550e+01        1.7941e-05      5.5440e-01      3.9392e+00 904 39096
     1.3061e+00     -7.8980e+00      6.3184e+01        1.1806e-05     -7.0275e-01      3.9663e+00 500 39500
     1.2041e+00     -7.9520e+00      6.3616e+01        6.5818e-06     -3.8760e-01      3.9842e+00 247 39753
     1.1020e+00     -7.9708e+00      6.3766e+01        4.7910e-06     -3.6190e-01      3.9901e+00 151 39849
     1.0000e+00     -7.9804e+00      6.3843e+01        3.9104e-06     -1.7920e+00      3.9934e+00 92 39908
