240.0000 130.0000 20.0000 -5.0000 0.0000 0.0000 -20.0000 5.0000 -240.0000 -130.0000
130.0000 435.0000 5.0000 182.5000 0.0000 0.0000 -5.0000 -182.5000 -130.0000 -435.0000
20.0000 5.0000 240.0000 -130.0000 -20.0000 -5.0000 0.0000 0.0000 -240.0000 130.0000
-5.0000 182.5000 -130.0000 435.0000 5.0000 -182.5000 0.0000 0.0000 130.0000 -435.0000
0.0000 0.0000 -20.0000 5.0000 240.0000 130.0000 20.0000 -5.0000 -240.0000 -130.0000
0.0000 0.0000 -5.0000 -182.5000 130.0000 435.0000 5.0000 182.5000 -130.0000 -435.0000
-20.0000 -5.0000 0.0000 0.0000 20.0000 5.0000 240.0000 -130.0000 -240.0000 130.0000
5.0000 -182.5000 0.0000 0.0000 -5.0000 182.5000 -130.0000 435.0000 130.0000 -435.0000
-240.0000 -130.0000 -240.0000 130.0000 -240.0000 -130.0000 -240.0000 130.0000 960.0000 0.0000
-130.0000 -435.0000 130.0000 -435.0000 -130.0000 -435.0000 130.0000 -435.0000 0.0000 1740.0000
