Elemento 0, scale = 2.800000e+08, size = 4
[[ 0.33333333  0.5        -0.33333333  0.5       ]
 [ 0.5         1.         -0.5         0.5       ]
 [-0.33333333 -0.5         0.33333333 -0.5       ]
 [ 0.5         0.5        -0.5         1.        ]]
Elemento 1, scale = 2.800000e+08, size = 4
[[ 0.33333333  0.5        -0.33333333  0.5       ]
 [ 0.5         1.         -0.5         0.5       ]
 [-0.33333333 -0.5         0.33333333 -0.5       ]
 [ 0.5         0.5        -0.5         1.        ]]
Elemento 2, scale = 2.000000e+02, size = 4
[[ 0.  0.  0.  0.]
 [ 0.  1.  0. -1.]
 [ 0.  0.  0.  0.]
 [ 0. -1.  0.  1.]]


Matriz Global , scale factor = 5.600000e+08
[[ 1.66666667e-01  2.50000000e-01 -1.66666667e-01  2.50000000e-01
   0.00000000e+00  0.00000000e+00  0.00000000e+00  0.00000000e+00]
 [ 2.50000000e-01  5.00000000e-01 -2.50000000e-01  2.50000000e-01
   0.00000000e+00  0.00000000e+00  0.00000000e+00  0.00000000e+00]
 [-1.66666667e-01 -2.50000000e-01  3.33333333e-01  0.00000000e+00
  -1.66666667e-01  2.50000000e-01  0.00000000e+00  0.00000000e+00]
 [ 2.50000000e-01  2.50000000e-01  0.00000000e+00  1.00000000e+00
  -2.50000000e-01  2.50000000e-01  0.00000000e+00  0.00000000e+00]
 [ 0.00000000e+00  0.00000000e+00 -1.66666667e-01 -2.50000000e-01
   1.66666667e-01 -2.50000000e-01  0.00000000e+00  0.00000000e+00]
 [ 0.00000000e+00  0.00000000e+00  2.50000000e-01  2.50000000e-01
  -2.50000000e-01  5.00000357e-01  0.00000000e+00 -3.57142857e-07]
 [ 0.00000000e+00  0.00000000e+00  0.00000000e+00  0.00000000e+00
   0.00000000e+00  0.00000000e+00  0.00000000e+00  0.00000000e+00]
 [ 0.00000000e+00  0.00000000e+00  0.00000000e+00  0.00000000e+00
   0.00000000e+00 -3.57142857e-07  0.00000000e+00  3.57142857e-07]]

 su determinante: 0.000000e+00