
 3 Elementos 
 

 
 Elemento 1 
1.8667e+07	2.8000e+07	-1.8667e+07	2.8000e+07
2.8000e+07	5.6000e+07	-2.8000e+07	2.8000e+07
-1.8667e+07	-2.8000e+07	1.8667e+07	-2.8000e+07
2.8000e+07	2.8000e+07	-2.8000e+07	5.6000e+07

 
 Elemento 2 
1.8667e+07	2.8000e+07	-1.8667e+07	2.8000e+07
2.8000e+07	5.6000e+07	-2.8000e+07	2.8000e+07
-1.8667e+07	-2.8000e+07	1.8667e+07	-2.8000e+07
2.8000e+07	2.8000e+07	-2.8000e+07	5.6000e+07

 
 Elemento 3 
2.0000e+05	0.0000e+00	2.0000e+05	0.0000e+00
0.0000e+00	0.0000e+00	0.0000e+00	0.0000e+00
2.0000e+05	0.0000e+00	2.0000e+05	0.0000e+00
0.0000e+00	0.0000e+00	0.0000e+00	0.0000e+00

 Matriz Global 
1.8667e+07	2.8000e+07	-1.8667e+07	2.8000e+07	0.0000e+00	0.0000e+00	0.0000e+00	0.0000e+00
2.8000e+07	5.6000e+07	-2.8000e+07	2.8000e+07	0.0000e+00	0.0000e+00	0.0000e+00	0.0000e+00
-1.8667e+07	-2.8000e+07	3.7333e+07	0.0000e+00	-1.8667e+07	2.8000e+07	0.0000e+00	0.0000e+00
2.8000e+07	2.8000e+07	0.0000e+00	1.1200e+08	-2.8000e+07	2.8000e+07	0.0000e+00	0.0000e+00
0.0000e+00	0.0000e+00	-1.8667e+07	-2.8000e+07	1.8867e+07	-2.8000e+07	2.0000e+05	0.0000e+00
0.0000e+00	0.0000e+00	2.8000e+07	2.8000e+07	-2.8000e+07	5.6000e+07	0.0000e+00	0.0000e+00
0.0000e+00	0.0000e+00	0.0000e+00	0.0000e+00	2.0000e+05	0.0000e+00	2.0000e+05	0.0000e+00
0.0000e+00	0.0000e+00	0.0000e+00	0.0000e+00	0.0000e+00	0.0000e+00	0.0000e+00	0.0000e+00
