$NodeData 
 1 
"Displacement (m) "  
1 
  0. 
3 
 0 
 3 
 4 
1 0.0000e+00 0.0000e+00 0.0000e+00
2 0.0000e+00 0.0000e+00 0.0000e+00
3 6.0958e-04 4.1633e-06 0.0000e+00
4 6.6370e-04 1.0408e-04 0.0000e+00
$EndNodeData
$NodeData 
 1 
"Forces (N) "  
1 
  0. 
3 
 0 
 3 
 4 
1 -5.0000e+03 -3.0024e+03 0.0000e+00
2 -5.0000e+03 3.0024e+03 0.0000e+00
3 5.0000e+03 0.0000e+00 0.0000e+00
4 5.0000e+03 0.0000e+00 0.0000e+00
$EndNodeData
$NodeData 
 1 
"sigma x (Pa,av) "  
1 
  0. 
3 
 0 
 1 
 4 
1 1.0000e+03
2 1.0048e+03
3 1.0000e+03
4 9.9520e+02
$EndNodeData
$NodeData 
 1 
"shear (Pa,av) "  
1 
  0. 
3 
 0 
 1 
 4 
1 -6.5059e-14
2 2.4019e+00
3 -6.5059e-14
4 -2.4019e+00
$EndNodeData
