Elemento 0, scle = 1.878297e+07
[[ 1.    0.5  -1.   -0.5 ]
 [ 0.5   0.25 -0.5  -0.25]
 [-1.   -0.5   1.    0.5 ]
 [-0.5  -0.25  0.5   0.25]]
Elemento 1, scle = 2.625000e+07
[[ 1.  0. -1.  0.]
 [ 0.  0.  0.  0.]
 [-1.  0.  1.  0.]
 [ 0.  0.  0.  0.]]
Elemento 2, scle = 5.250000e+07
[[ 0.  0.  0.  0.]
 [ 0.  1.  0. -1.]
 [ 0.  0.  0.  0.]
 [ 0. -1.  0.  1.]]
Elemento 3, scle = 1.878297e+07
[[ 1.   -0.5  -1.    0.5 ]
 [-0.5   0.25  0.5  -0.25]
 [-1.    0.5   1.   -0.5 ]
 [ 0.5  -0.25 -0.5   0.25]]
