Elemento 4, scle = 2.625000e+07
[[ 1.  0. -1.  0.]
 [ 0.  0.  0.  0.]
 [-1.  0.  1.  0.]
 [ 0.  0.  0.  0.]]

Matriz Global , scale factor = 6.189149e+07
[[ 0.73  0.15 -0.3  -0.15  0.    0.   -0.42  0.  ]
 [ 0.15  0.08 -0.15 -0.08  0.    0.    0.    0.  ]
 [-0.3  -0.15  0.61  0.   -0.3   0.15  0.    0.  ]
 [-0.15 -0.08  0.    1.    0.15 -0.08  0.   -0.85]
 [ 0.    0.   -0.3   0.15  0.73 -0.15 -0.42  0.  ]
 [ 0.    0.    0.15 -0.08 -0.15  0.08  0.    0.  ]
 [-0.42  0.    0.    0.   -0.42  0.    0.85  0.  ]
 [ 0.    0.    0.   -0.85  0.    0.    0.    0.85]]

 su determinante: 0.000000e+00
