 # x(m)	u(m)
   0.0000000000000000        0.0000000000000000     
  7.49999999999999972E-002  4.55512878259946155E-006
  0.14999999999999999       1.77533224347466212E-005
  0.22500000000000001       3.88937919129646355E-005
  0.29999999999999999       6.72757481737766712E-005
  0.37500000000000000       1.02198402173705891E-004
  0.45000000000000001       1.42960964869275460E-004
  0.52500000000000002       1.88862647217008511E-004
  0.59999999999999998       2.39202660173428231E-004
  0.67499999999999993       2.93280214695057669E-004
  0.74999999999999989       3.50394521738420120E-004
  0.75000000000000000       3.50394521738420228E-004
  0.82499999999999996       4.09844792260038852E-004
  0.89999999999999991       4.70930237216436699E-004
  0.97499999999999987       5.32950067564137145E-004
   1.0499999999999998       5.95203494259663023E-004
   1.1249999999999998       6.56989728259537711E-004
   1.1999999999999997       7.17607980520284421E-004
   1.2749999999999997       7.76357461998426258E-004
   1.3499999999999996       8.32537383650486218E-004
   1.4249999999999996       8.85446956432987624E-004
   1.4999999999999996       9.34385391302453580E-004
   1.5000000000000000       9.34385391302453906E-004
   1.5750000000000000       9.78651899215407517E-004
   1.6499999999999999       1.01754569112837211E-003
   1.7249999999999999       1.05036597799787077E-003
   1.7999999999999998       1.07641197078042674E-003
   1.8749999999999998       1.09498288043256300E-003
   1.9499999999999997       1.10537791791080276E-003
   2.0249999999999999       1.10689629417166924E-003
   2.1000000000000001       1.09883722017168543E-003
   2.1750000000000003       1.08049990686737455E-003
   2.2500000000000004       1.05118356521526003E-003
   2.2500000000000000       1.05118356521526025E-003
   2.3250000000000002       1.01018740617186487E-003
   2.4000000000000004       9.56810640693712055E-004
   2.4750000000000005       8.90352479737324806E-004
   2.5500000000000007       8.10112134259226334E-004
   2.6250000000000009       7.15388815215939637E-004
   2.7000000000000011       6.05481733563988144E-004
   2.7750000000000012       4.79690100259894743E-004
   2.8500000000000014       3.37313126260182757E-004
   2.9250000000000016       1.77650022521375317E-004
   3.0000000000000018      -4.42613834793544520E-018
   3.0000000000000000        0.0000000000000000     
   3.0750000000000002      -1.96143066724240440E-004
   3.1500000000000004      -4.10506648578878798E-004
   3.2250000000000005      -6.42623552868263801E-004
   3.3000000000000007      -8.92026586896744176E-004
   3.3750000000000009      -1.15824855796866884E-003
   3.4500000000000011      -1.44082227338838617E-003
   3.5250000000000012      -1.73928054046024552E-003
   3.6000000000000014      -2.05315616648859504E-003
   3.6750000000000016      -2.38198195877778376E-003
   3.7500000000000018      -2.72529072463216027E-003
   3.7500000000000000      -2.72529072463215203E-003
   3.8250000000000002      -3.08261527135606514E-003
   3.9000000000000004      -3.45348840625386367E-003
   3.9750000000000005      -3.83744293662989771E-003
   4.0500000000000007      -4.23401166978851478E-003
   4.1250000000000009      -4.64272741303406282E-003
   4.2000000000000011      -5.06312297367089281E-003
   4.2750000000000012      -5.49473115900335311E-003
   4.3500000000000014      -5.93708477633578952E-003
   4.4250000000000016      -6.38971663297255386E-003
   4.5000000000000018      -6.85215953621799451E-003
   4.5000000000000000      -6.85215953621798324E-003
   4.5750000000000002      -7.32394629337644772E-003
   4.6500000000000004      -7.80460971175228613E-003
   4.7250000000000005      -8.29368259864984511E-003
   4.8000000000000007      -8.79069776137347825E-003
   4.8750000000000009      -9.29518800722753044E-003
   4.9500000000000011      -9.80668614351634833E-003
   5.0250000000000012      -1.03247249775442872E-002
   5.1000000000000014      -1.08488373166156886E-002
   5.1750000000000016      -1.13785559680349077E-002
   5.2500000000000018      -1.19134137391062878E-002
   5.2500000000000000      -1.19134137391062756E-002
   5.3250000000000002      -1.24529434371341702E-002
   5.4000000000000004      -1.29966778694229242E-002
   5.4750000000000005      -1.35441498432768877E-002
   5.5500000000000007      -1.40948921660004108E-002
   5.6250000000000009      -1.46484376448978420E-002
   5.7000000000000011      -1.52043190872735278E-002
   5.7750000000000012      -1.57620693004318184E-002
   5.8500000000000014      -1.63212210916770621E-002
   5.9250000000000016      -1.68813072683136091E-002
   6.0000000000000018      -1.74418606376458112E-002
