
 3 Elementos 
 

 
 Elemento 1 
4.8333e+07	0.0000e+00	-4.8333e+07	0.0000e+00
0.0000e+00	0.0000e+00	0.0000e+00	0.0000e+00
-4.8333e+07	0.0000e+00	4.8333e+07	0.0000e+00
0.0000e+00	0.0000e+00	0.0000e+00	0.0000e+00

 
 Elemento 2 
4.8333e+07	0.0000e+00	-4.8333e+07	0.0000e+00
0.0000e+00	0.0000e+00	0.0000e+00	0.0000e+00
-4.8333e+07	0.0000e+00	4.8333e+07	0.0000e+00
0.0000e+00	0.0000e+00	0.0000e+00	0.0000e+00

 
 Elemento 3 
4.8333e+07	0.0000e+00	-4.8333e+07	0.0000e+00
0.0000e+00	0.0000e+00	0.0000e+00	0.0000e+00
-4.8333e+07	0.0000e+00	4.8333e+07	0.0000e+00
0.0000e+00	0.0000e+00	0.0000e+00	0.0000e+00

 Matriz Global 
4.8333e+07	0.0000e+00	-4.8333e+07	0.0000e+00	0.0000e+00	0.0000e+00	0.0000e+00	0.0000e+00
0.0000e+00	0.0000e+00	0.0000e+00	0.0000e+00	0.0000e+00	0.0000e+00	0.0000e+00	0.0000e+00
-4.8333e+07	0.0000e+00	9.6667e+07	0.0000e+00	-4.8333e+07	0.0000e+00	0.0000e+00	0.0000e+00
0.0000e+00	0.0000e+00	0.0000e+00	0.0000e+00	0.0000e+00	0.0000e+00	0.0000e+00	0.0000e+00
0.0000e+00	0.0000e+00	-4.8333e+07	0.0000e+00	9.6667e+07	0.0000e+00	-4.8333e+07	0.0000e+00
0.0000e+00	0.0000e+00	0.0000e+00	0.0000e+00	0.0000e+00	0.0000e+00	0.0000e+00	0.0000e+00
0.0000e+00	0.0000e+00	0.0000e+00	0.0000e+00	-4.8333e+07	0.0000e+00	4.8333e+07	0.0000e+00
0.0000e+00	0.0000e+00	0.0000e+00	0.0000e+00	0.0000e+00	0.0000e+00	0.0000e+00	0.0000e+00
