
 2 Elementos 
 

 
 Elemento 1 
3.2222e+07	0.0000e+00	-3.2222e+07	0.0000e+00
0.0000e+00	0.0000e+00	0.0000e+00	0.0000e+00
-3.2222e+07	0.0000e+00	3.2222e+07	0.0000e+00
0.0000e+00	0.0000e+00	0.0000e+00	0.0000e+00

 
 Elemento 2 
3.2222e+07	0.0000e+00	-3.2222e+07	0.0000e+00
0.0000e+00	0.0000e+00	0.0000e+00	0.0000e+00
-3.2222e+07	0.0000e+00	3.2222e+07	0.0000e+00
0.0000e+00	0.0000e+00	0.0000e+00	0.0000e+00

 Matriz Global 
3.2222e+07	0.0000e+00	-3.2222e+07	0.0000e+00	0.0000e+00	0.0000e+00
0.0000e+00	0.0000e+00	0.0000e+00	0.0000e+00	0.0000e+00	0.0000e+00
-3.2222e+07	0.0000e+00	6.4444e+07	0.0000e+00	-3.2222e+07	0.0000e+00
0.0000e+00	0.0000e+00	0.0000e+00	0.0000e+00	0.0000e+00	0.0000e+00
0.0000e+00	0.0000e+00	-3.2222e+07	0.0000e+00	3.2222e+07	0.0000e+00
0.0000e+00	0.0000e+00	0.0000e+00	0.0000e+00	0.0000e+00	0.0000e+00
