6.250000000000000000e+01
0.000000000000000000e+00
0.000000000000000000e+00
0.000000000000000000e+00
0.000000000000000000e+00
0.000000000000000000e+00
0.000000000000000000e+00
0.000000000000000000e+00
0.000000000000000000e+00
0.000000000000000000e+00
0.000000000000000000e+00
0.000000000000000000e+00
0.000000000000000000e+00
0.000000000000000000e+00
0.000000000000000000e+00
0.000000000000000000e+00
0.000000000000000000e+00
0.000000000000000000e+00
0.000000000000000000e+00
0.000000000000000000e+00
0.000000000000000000e+00
0.000000000000000000e+00
0.000000000000000000e+00
0.000000000000000000e+00
0.000000000000000000e+00
0.000000000000000000e+00
0.000000000000000000e+00
0.000000000000000000e+00
0.000000000000000000e+00
0.000000000000000000e+00
0.000000000000000000e+00
0.000000000000000000e+00
0.000000000000000000e+00
0.000000000000000000e+00
2.500000000000000000e+01
7.500000000000000000e+01
3.757106859037099866e+01
2.281814133261996957e+01
1.591723000202605220e+01
1.217105310199419144e+01
9.889117949030499233e+00
8.377626936609063435e+00
7.314647887648249025e+00
6.534148204527141957e+00
5.942790567072555596e+00
5.484394952657876132e+00
5.123295207564670051e+00
4.835906162989696888e+00
4.606162756674034853e+00
4.422920360438001630e+00
4.278413028018270836e+00
4.167316693392268512e+00
4.086179801596390604e+00
4.033094106473497753e+00
4.007539512182924923e+00
4.010375244068622003e+00
4.043979525059261171e+00
4.112571432056125076e+00
4.222792956549934473e+00
4.384705038789393328e+00
4.613496416694351510e+00
4.932505283831186027e+00
5.378826059624257638e+00
6.014392503164446069e+00
6.949659021109315660e+00
8.399060752751427827e+00
1.082498215155657206e+01
1.535430192474492017e+01
2.511844765061835005e+01
5.000000000000000000e+01
7.500000000000000000e+01
5.246613302886403574e+01
3.778426673808283454e+01
2.867972557349004603e+01
2.287786445692020720e+01
1.900779175751874206e+01
1.630674190975750903e+01
1.434681640945678893e+01
1.287915436338776232e+01
1.175261911110520430e+01
1.087149403599427977e+01
1.017287971461110985e+01
9.614166687720084425e+00
9.165824503268442669e+00
8.807105657059700832e+00
8.523415058242813203e+00
8.304673943954412607e+00
8.144308406519796151e+00
8.038657112114675485e+00
7.986688698189580826e+00
7.989981939032302805e+00
8.052971424112296717e+00
8.183513246615305547e+00
8.393895355354219490e+00
8.702530781913281999e+00
9.136775344156829348e+00
9.737698659006131408e+00
1.056840645150139935e+01
1.172908493192420920e+01
1.338518282852139230e+01
1.582160183833982536e+01
1.954656592872993315e+01
2.547377789680475857e+01
3.511948867772847649e+01
5.000000000000000000e+01
7.500000000000000000e+01
5.950919678700231685e+01
4.717306701735728325e+01
3.813954109693112571e+01
3.165288739467785817e+01
2.695744271436675277e+01
2.349473253544544704e+01
2.088672147703362114e+01
1.888303372846190342e+01
1.731703747796622750e+01
1.607608236560292880e+01
1.508256292716540337e+01
1.428205637001109274e+01
1.363586291161993103e+01
1.311626270628955204e+01
1.270346760393885788e+01
1.238365561766277168e+01
1.214772276841369880e+01
1.199053723727581300e+01
1.191057622942841299e+01
1.190989238975871523e+01
1.199441098574231290e+01
1.217461477493857736e+01
1.246674443633835594e+01
1.289474738935269471e+01
1.349337551901355070e+01
1.431310755653510114e+01
1.542801615545101157e+01
1.694835794450957422e+01
1.904038552271222784e+01
2.195559784335655706e+01
2.606590182821857482e+01
3.187475505601569381e+01
3.988572916349078668e+01
5.000000000000000000e+01
7.500000000000000000e+01
6.339758710178800527e+01
5.325926344741284879e+01
4.505248440219926920e+01
3.863670131049330081e+01
3.367435916982498867e+01
2.982802404062390167e+01
2.682230323477031675e+01
2.444922159546001339e+01
2.255641470669486992e+01
2.103323502128580103e+01
1.979923325843646609e+01
1.879563295353895924e+01
1.797930806691064021e+01
1.731861465253971133e+01
1.679053703356030880e+01
1.637875815434411209e+01
1.607238981219642682e+01
1.586519283914646472e+01
1.575518659248954556e+01
1.574460040483183754e+01
1.584016535415965699e+01
1.605379043105833858e+01
1.640372022570793575e+01
1.691633882014558665e+01
1.762887178600957583e+01
1.859333989266971443e+01
1.988219266925797868e+01
2.159594516795084829e+01
2.387240347446137179e+01
2.689450218415559490e+01
3.088668848477211881e+01
3.607361133554868360e+01
4.254867292021894087e+01
5.000000000000000000e+01
7.500000000000000000e+01
6.582188817273686254e+01
5.741391526830681613e+01
5.017443175395982280e+01
4.416707427527109786e+01
3.927526861381598877e+01
3.532070122245487198e+01
3.212524582596373790e+01
2.953513471191297413e+01
2.742616473206743422e+01
2.570120975440892153e+01
2.428550213175569183e+01
2.312193411879765037e+01
2.216712174994393791e+01
2.138835080339832828e+01
2.076130772341855746e+01
2.026845015395695526e+01
1.989788548688142811e+01
1.964265771462407528e+01
1.950037689655146522e+01
1.947315728291943060e+01
1.956785959500613359e+01
1.979666136942718069e+01
2.017800721528947960e+01
2.073801587951214742e+01
2.151243291220943732e+01
2.254918755887620563e+01
2.391146946096032266e+01
2.568082658357447201e+01
2.795878102302680546e+01
3.086331893403233195e+01
3.451273859116560772e+01
3.898432888118797024e+01
4.423535118183633585e+01
5.000000000000000000e+01
7.500000000000000000e+01
6.747605032085260746e+01
6.040007769911772328e+01
5.406425307006215775e+01
4.858189542281525775e+01
4.393893978771305342e+01
4.005426640941584537e+01
3.682284413471680296e+01
3.413990669416071455e+01
3.191189975525296063e+01
3.005993713252674482e+01
2.851963139537974357e+01
2.723947963995200894e+01
2.617889401066915056e+01
2.530635908769109221e+01
2.459789290275863749e+01
2.403584925118370919e+01
2.360804426674825507e+01
2.330717563591692709e+01
2.313050599617280056e+01
2.307979223528828783e+01
2.316145437351826430e+01
2.338698823635476387e+01
2.377363138651065100e+01
2.434528457040406124e+01
2.513365642443981329e+01
2.617950796966534099e+01
2.753367103213265565e+01
2.925711068235989387e+01
3.141857510003903542e+01
3.408725393778134105e+01
3.731661806467000275e+01
4.111561441620131774e+01
4.540840292593838257e+01
5.000000000000000000e+01
7.500000000000000000e+01
6.868223541155582268e+01
6.264609213724931891e+01
5.710060740435589111e+01
5.215731455821468643e+01
4.784432870480515021e+01
4.413458049277864603e+01
4.097195760932692110e+01
3.828974817476009918e+01
3.602159046225695960e+01
3.410700762506532868e+01
3.249360667728456065e+01
3.113745903496147349e+01
3.000261556508957383e+01
2.906029863393824897e+01
2.828805554874119110e+01
2.766900968127101734e+01
2.719126669301095234e+01
2.684749456612258456e+01
2.663467921693453988e+01
2.655405128854263808e+01
2.661117742742387193e+01
2.681620581596296660e+01
2.718424552399429928e+01
2.773583459115364747e+01
2.849740024548044204e+01
2.950151686321268585e+01
3.078659601554505088e+01
3.239537001369343017e+01
3.437115475698811196e+01
3.675050365238396921e+01
3.955086531353171608e+01
4.275310779300892250e+01
4.628264610571591930e+01
5.000000000000000000e+01
7.500000000000000000e+01
6.960679918812137146e+01
6.440144803396788120e+01
5.953476985189740844e+01
5.510242670088248929e+01
5.114647998051418654e+01
4.766776924756667455e+01
4.464065763505213624e+01
4.202553793329583698e+01
3.977770629394942148e+01
3.785289622819309585e+01
3.621032865373170750e+01
3.481413425751972568e+01
3.363381058078941521e+01
3.264416433423112096e+01
3.182502097699687482e+01
3.116086723214820964e+01
3.064051825790193817e+01
3.025685671862792958e+01
3.000666501690013632e+01
2.989055627452388109e+01
2.991299823167159389e+01
3.008241207607893841e+01
3.041131030234993915e+01
3.091640802473575889e+01
3.161859310311563220e+01
3.254256322215989172e+01
3.371582615314142828e+01
3.516661859988064265e+01
3.692017026183600592e+01
3.899274060123470775e+01
4.138323174406394145e+01
4.406330533658672266e+01
4.696907370391638636e+01
5.000000000000000000e+01
7.500000000000000000e+01
7.034351330696178195e+01
6.581813095860340468e+01
6.153459726838337218e+01
5.757114241290367573e+01
5.397139526880241789e+01
5.074935888192177202e+01
4.789736575001920471e+01
4.539403962942169812e+01
4.321080055205176507e+01
4.131654234002593284e+01
3.968067745192944074e+01
3.827493876059628519e+01
3.707432816631725814e+01
3.605752714519997681e+01
3.520699679286697403e+01
3.450892001242302598e+01
3.395308238782067178e+01
3.353274903358704506e+01
3.324456785751418408e+01
3.308851056098115606e+01
3.306784714865969477e+01
3.318913395433127533e+01
3.346217558459075292e+01
3.389989410232384870e+01
3.451800092008640775e+01
3.533431676916985253e+01
3.636752677498015629e+01
3.763510797085169912e+01
3.915016708924060396e+01
4.091705674665490022e+01
4.292601572490261930e+01
4.514780810535764033e+01
4.753034337336292481e+01
5.000000000000000000e+01
7.500000000000000000e+01
7.094912308112233745e+01
6.699296522510061891e+01
6.321434585012902119e+01
5.967615041354645200e+01
5.641859979987007989e+01
5.346090526129876253e+01
5.080540685368122666e+01
4.844245428231998574e+01
4.635491394481002203e+01
4.452179512792940841e+01
4.292090005336380898e+01
4.153061516661871622e+01
4.033103617868336954e+01
3.930461928738458965e+01
3.843651903684799720e+01
3.771473363685629465e+01
3.713014224737066371e+01
3.667648917038538769e+01
3.635034681858837047e+01
3.615107096322687141e+01
3.608074584765475379e+01
3.614410100799571524e+01
3.634836397935794849e+01
3.670299187988245393e+01
3.721919970573632952e+01
3.790917615945296859e+01
3.878485620675763101e+01
3.985611941930540780e+01
4.112833337761976082e+01
4.259930357124165567e+01
4.425596630353401650e+01
4.607156798657833718e+01
4.800449168417765833e+01
5.000000000000000000e+01
7.500000000000000000e+01
7.146001379242689211e+01
6.799026101054782600e+01
6.465367049348566297e+01
6.150051359128298856e+01
5.856594825583268715e+01
5.587025550972202126e+01
5.342090212108703895e+01
5.121545670136693928e+01
4.924460581693895733e+01
4.749482417351782715e+01
4.595051246697767766e+01
4.459558567383133010e+01
4.341458209441292837e+01
4.239339478880696532e+01
4.151972643028414467e+01
4.078335325078347040e+01
4.017626379442029361e+01
3.969271858199547154e+01
3.932925928322707421e+01
3.908468062568319823e+01
3.895996427073674795e+01
3.895816025063883359e+01
3.908418744496290742e+01
3.934450973211168900e+01
3.974662986352346650e+01
4.029833195614803998e+01
4.100660247329196295e+01
4.187618012199255446e+01
4.290774343069138297e+01
4.409585785715793804e+01
4.542697793141346096e+01
4.687800585324406910e+01
4.841605537676937843e+01
5.000000000000000000e+01
7.500000000000000000e+01
7.190067107803743340e+01
6.885439453117810160e+01
6.590956152198272378e+01
6.310628520226715210e+01
6.047442412245570154e+01
5.803326640066956799e+01
5.579248941957794017e+01
5.375386458512178223e+01
5.191322844806104087e+01
5.026238328222535756e+01
4.879073996719775153e+01
4.748663296731596972e+01
4.633831173633006983e+01
4.533465134314626965e+01
4.446563864469817418e+01
4.372268914157314867e+01
4.309884109753156167e+01
4.258886207994917328e+01
4.218929110664125659e+01
4.189842798554212777e+01
4.171627035897020619e+01
4.164438827886002770e+01
4.168571581774309465e+01
4.184422974007792817e+01
4.212447806009779327e+01
4.253091932832374056e+01
4.306704160826962635e+01
4.373425516468144281e+01
4.453060236599527144e+01
4.544940649528530230e+01
4.647808171171784153e+01
4.759742211821510693e+01
4.878172396965578628e+01
5.000000000000000000e+01
7.500000000000000000e+01
7.228827598854471148e+01
6.961708451414453691e+01
6.702389586099988605e+01
6.454064157334715901e+01
6.219219663105340601e+01
5.999589655092267293e+01
5.796192457143342125e+01
5.609428377148113753e+01
5.439206010795803792e+01
5.285074054012484623e+01
5.146343115227193721e+01
5.022189449190474164e+01
4.911738054044512580e+01
4.814126020274980533e+01
4.728548766378911239e+01
4.654292357327941687e+01
4.590754937418360271e+01
4.537459753362841042e+01
4.494061507784670084e+01
4.460346985087383587e+01
4.436230090074192844e+01
4.421740668808795505e+01
4.417005780707154372e+01
4.422221535035913575e+01
4.437613330846601656e+01
4.463382568877952394e+01
4.499638946678131646e+01
4.546319656246832608e+01
4.603100437332294348e+01
4.669308404627014397e+01
4.743852030195751723e+01
4.825187693824273794e+01
4.911341838363868106e+01
5.000000000000000000e+01
7.500000000000000000e+01
7.263534836199686140e+01
7.030177167585542009e+01
6.802829583452515294e+01
6.584018859906818477e+01
6.375782427748804793e+01
6.179619860053433200e+01
5.996502854375190594e+01
5.826928582141131585e+01
5.670998767216516967e+01
5.528508761804408778e+01
5.399034960986043075e+01
5.282013330758591962e+01
5.176805573079584377e+01
5.082752126361872058e+01
4.999212823442906739e+01
4.925596811357183213e+01
4.861383529229503608e+01
4.806136360253415063e+01
4.759510182024328628e+01
4.721253543936461483e+01
4.691205670503572378e+01
4.669287976567830611e+01
4.655489337209597522e+01
4.649844054582106878e+01
4.652401413462761326e+01
4.663186065154702220e+01
4.682149400760778946e+01
4.709113724508760157e+01
4.743713451855801111e+01
4.785340501451481998e+01
4.833103851159928155e+01
4.885814694915967493e+01
4.942007262665620715e+01
5.000000000000000000e+01
7.500000000000000000e+01
7.295134578358732824e+01
7.092635799275515751e+01
6.894732720217713506e+01
6.703399271091241474e+01
6.520271327929623340e+01
6.346604502997472963e+01
6.183270518162857599e+01
6.030784329824700762e+01
5.889351714124725135e+01
5.758927265002586182e+01
5.639274636153980680e+01
5.530023339778264813e+01
5.430718781153365171e+01
5.340864088650018005e+01
5.259953589673659735e+01
5.187498535428382240e+01
5.123046007889054465e+01
5.066191976396988395e+01
5.016589316122769304e+01
4.973951338130556366e+01
4.938051071435804573e+01
4.908716229749353488e+01
4.885819536981297517e+01
4.869263932620153668e+01
4.858962203267634550e+01
4.854810877517316925e+01
4.856658866701523891e+01
4.864272389171630095e+01
4.877299144130670783e+01
4.895236298163187882e+01
4.917408178076508563e+01
4.942959972014048731e+01
4.970872517382644418e+01
5.000000000000000000e+01
7.500000000000000000e+01
7.324367677959730827e+01
7.150498730940076086e+01
6.980066227051584349e+01
6.814574176310819098e+01
6.655299109880975550e+01
6.503256305843972029e+01
6.359190385454066075e+01
6.223586504870087310e+01
6.096696494455093074e+01
5.978573947927235821e+01
5.869112978849026518e+01
5.768086611047119305e+01
5.675182123105599175e+01
5.590031857411175764e+01
5.512238911173329825e+01
5.441397732793625153e+01
5.377109990501348591e+01
5.318996221322712614e+01
5.266703767939203829e+01
5.219911421027192233e+01
5.178331047359738193e+01
5.141706334012479829e+01
5.109808648346081839e+01
5.082429935649579278e+01
5.059372589470306281e+01
5.040436374945405618e+01
5.025402799356370309e+01
5.014017821345563419e+01
5.005974437332063331e+01
5.000897368994090897e+01
4.998332590968868772e+01
4.997744497681069475e+01
4.998522834850913910e+01
5.000000000000000000e+01
7.500000000000000000e+01
7.351837402540111555e+01
7.204925219473473419e+01
7.060459280737724441e+01
6.919532097219476441e+01
6.783094629439491996e+01
6.651931225043375662e+01
6.526648212939346649e+01
6.407674809746494304e+01
6.295273810898329003e+01
6.189559053402233957e+01
6.090516720267767425e+01
5.998028002455585295e+01
5.911891242810738589e+01
5.831842306715757474e+01
5.757572464814860069e+01
5.688743494071442086e+01
5.625000000000000000e+01
5.565979150453306801e+01
5.511318113284139031e+01
5.460659530679268414e+01
5.413655362963476847e+01
5.369969410594750769e+01
5.329278786740971441e+01
5.291274572161775325e+01
5.255661844018604967e+01
5.222159233437631798e+01
5.190498134432986177e+01
5.160421659522187809e+01
5.131683414857927517e+01
5.104046149512243602e+01
5.077280319123804020e+01
5.051162592890447200e+01
5.025474324339946008e+01
5.000000000000000000e+01
7.500000000000000000e+01
7.378056712727240551e+01
7.256905463675975909e+01
7.137313579206374925e+01
7.020000302389887281e+01
6.905616085614137489e+01
6.794725751950694814e+01
6.687796431513444873e+01
6.585190710278212123e+01
6.487164885989497520e+01
6.393871734515600735e+01
6.305366846364226063e+01
6.221617435696713017e+01
6.142512538966013125e+01
6.067873661826255471e+01
5.997465147298908050e+01
5.931003778677288807e+01
5.868167364973901812e+01
5.808602267206373426e+01
5.751930004064780633e+01
5.697753225442268388e+01
5.645661463220148590e+01
5.595237158662074961e+01
5.546062515861279252e+01
5.497727722237943482e+01
5.449840981004708595e+01
5.402040580353526167e+01
5.354008845415747686e+01
5.305487267452281230e+01
5.256291413065218876e+01
5.206323495073151975e+01
5.155579943123652242e+01
5.104151230416967877e+01
5.052211869618426476e+01
5.000000000000000000e+01
7.500000000000000000e+01
7.403483984692871900e+01
7.307326343296816162e+01
7.211889270021906384e+01
7.117539447519564533e+01
7.024643658676473024e+01
6.933559265631818391e+01
6.844621050885530167e+01
6.758126713863411794e+01
6.674323288265857457e+01
6.593396152306445401e+01
6.515461494976817391e+01
6.440562355001031847e+01
6.368667815530344711e+01
6.299674654324343948e+01
6.233410683877233538e+01
6.169639108364901858e+01
6.108063414011944303e+01
6.048332549333507302e+01
5.990046410326340975e+01
5.932761903804878756e+01
5.876000105812779140e+01
5.819255244972116969e+01
5.762006395804128545e+01
5.703732819924007202e+01
5.643933777408761188e+01
5.582153261556022983e+01
5.518009399424192196e+01
5.451227151805969839e+01
5.381671474877514783e+01
5.309376474591500283e+01
5.234564727880690782e+01
5.157650516035344168e+01
5.079221923716786335e+01
5.000000000000000000e+01
7.500000000000000000e+01
7.428552882747443675e+01
7.357026654796511878e+01
7.285377710064862811e+01
7.213624558989984337e+01
7.141859835940378787e+01
7.070246601014571297e+01
6.999001792533448452e+01
6.928371806024050272e+01
6.858605400904069427e+01
6.789928091467510285e+01
6.722520626235569807e+01
6.656502673800254399e+01
6.591921713829989926e+01
6.528746456063542780e+01
6.466863825520776743e+01
6.406078556893139364e+01
6.346114633375468372e+01
6.286618105789370503e+01
6.227161184102193658e+01
6.167247873638124389e+01
6.106321811253969400e+01
6.043777319609488785e+01
5.978975002459113597e+01
5.911263384245196306e+01
5.840008047150302417e+01
5.764629289037612381e+01
5.684648338919028987e+01
5.599740465469891859e+01
5.509790860047366579e+01
5.414946200534637910e+01
5.315651977772266434e+01
5.212664182126930257e+01
5.107025309213376119e+01
5.000000000000000000e+01
7.500000000000000000e+01
7.453700891500386660e+01
7.406849683076923441e+01
7.358970356451054329e+01
7.309721242435126953e+01
7.258924525080483647e+01
7.206565509952643822e+01
7.152767712209644912e+01
7.097753316795265732e+01
7.041798417858856851e+01
6.985190186423956504e+01
6.928190244697687206e+01
6.871006000134437386e+01
6.813769909925809998e+01
6.756525630579059793e+01
6.699219605249184895e+01
6.641696660311410483e+01
6.583698456807422872e+01
6.524864056346306995e+01
6.464732346654940898e+01
6.402746595391460005e+01
6.338261945955485288e+01
6.270557219752753042e+01
6.198852910177637909e+01
6.122337667447368403e+01
6.040205737909637662e+01
5.951707508525092294e+01
5.856214201744423065e+01
5.753295511107197058e+01
5.642805299307426026e+01
5.524965489727412660e+01
5.400432800546804657e+01
5.270328925486736438e+01
5.136215131009781487e+01
5.000000000000000000e+01
7.500000000000000000e+01
7.479401000177179526e+01
7.457700829559736633e+01
7.433932790227294163e+01
7.407365529218982658e+01
7.377551511993782185e+01
7.344323201505878274e+01
7.307750229557220223e+01
7.268075331088512314e+01
7.225644767312135741e+01
7.180843991671763149e+01
7.134044165996792231e+01
7.085561172114000783e+01
7.035626295159751464e+01
6.984366551077707186e+01
6.931792304585489717e+01
6.877790022295891958e+01
6.822118477196508479e+01
6.764407316133488735e+01
6.704157550779801511e+01
6.640744215317290866e+01
6.573422157423760837e+01
6.501336703268400186e+01
6.423541751051315885e+01
6.339028637457000315e+01
6.246769728515791087e+01
6.145780805408694647e+01
6.035205448426371078e+01
5.914422077907052255e+01
5.783169336347726386e+01
5.641677658520787730e+01
5.490784809200798122e+01
5.332003588263430061e+01
5.167506289339012682e+01
5.000000000000000000e+01
7.500000000000000000e+01
7.506202279648593390e+01
7.510619844757549401e+01
7.511694445679397347e+01
7.508256572219728753e+01
7.499592792169782740e+01
7.485425554519871127e+01
7.465834673424841128e+01
7.441153010689427560e+01
7.411861328629400703e+01
7.378496846954159594e+01
7.341581255503717784e+01
7.301568227165024894e+01
7.258807547521492154e+01
7.213521973986519242e+01
7.165793039719181934e+01
7.115552647090149208e+01
7.062578113549234615e+01
7.006489180211346479e+01
6.946746325013475598e+01
6.882650557674142533e+01
6.813345765153869138e+01
6.737825684845770979e+01
6.654948753302225839e+01
6.563465402813525884e+01
6.462063733287831724e+01
6.349440536167521287e+01
6.224404708645315054e+01
6.086018015746908816e+01
5.933772309655638821e+01
5.767790998807214464e+01
5.589025189472170752e+01
5.399394329027168737e+01
5.201806438082835626e+01
5.000000000000000000e+01
7.500000000000000000e+01
7.534788273659634683e+01
7.566881824142477342e+01
7.593968575513017072e+01
7.614373521810750844e+01
7.627137529945750316e+01
7.631951550978982368e+01
7.629009898932842759e+01
7.618840709614968887e+01
7.602150689561874231e+01
7.579700812011763844e+01
7.552215781898891578e+01
7.520322933520887432e+01
7.484513693774668752e+01
7.445120757627704222e+01
7.402305233214566726e+01
7.356049412796282638e+01
7.306152149698927190e+01
7.252224966149192653e+01
7.193688011388606185e+01
7.129765925211933109e+01
7.059484660671805045e+01
6.981671517658587334e+01
6.894962174498297713e+01
6.797820487207052054e+01
6.688579265654489348e+01
6.565512897328251540e+01
6.426954834240460457e+01
6.271472966779629843e+01
6.098110887720704199e+01
5.906688837580261264e+01
5.698130620853503103e+01
5.474742100290239222e+01
5.240325133965163928e+01
5.000000000000000000e+01
7.500000000000000000e+01
7.566068990847468001e+01
7.628150602639706790e+01
7.682924510419434228e+01
7.728131409564517185e+01
7.762632254823476785e+01
7.786233220517476639e+01
7.799412661712572969e+01
7.803049239275730997e+01
7.798199907991363489e+01
7.785939929632124290e+01
7.767258126559192988e+01
7.742994031244973030e+01
7.713803536428582674e+01
7.680142129535063589e+01
7.642257722715096691e+01
7.600187621181490272e+01
7.553756106300996009e+01
7.502570523297890759e+01
7.446014829179814853e+01
7.383240471113181513e+01
7.313155434662829180e+01
7.234413550618472755e+01
7.145407939825321364e+01
7.044275105861908060e+01
6.928919944794819230e+01
6.797076953250535780e+01
6.646428764208650364e+01
6.474808129410452295e+01
6.280509436867281181e+01
6.062722842939624002e+01
5.822066356071344728e+01
5.561118317315125381e+01
5.284751997487578024e+01
5.000000000000000000e+01
7.500000000000000000e+01
7.601337087090527689e+01
7.696727085149456116e+01
7.781447453960490179e+01
7.852595351204406882e+01
7.909026859266167264e+01
7.950936414554865905e+01
7.979358288124240062e+01
7.995743677784017223e+01
8.001659773495731542e+01
7.998600871966173997e+01
7.987882763460785895e+01
7.970591528471231868e+01
7.947564291159632432e+01
7.919386501368869347e+01
7.886395906929263333e+01
7.848687242913590012e+01
7.806114131025677239e+01
7.758286191561560940e+01
7.704560310919583799e+01
7.644025695398141806e+01
7.575483056247851721e+01
7.497419310327154562e+01
7.407980928322606928e+01
7.304952051620432485e+01
7.185748454412346575e+01
7.047446206670413460e+01
6.886875139933154344e+01
6.700821349786247083e+01
6.486395887398334992e+01
6.241626741239610254e+01
5.966293643177131401e+01
5.662912815411335998e+01
5.337564538670027048e+01
5.000000000000000000e+01
7.500000000000000000e+01
7.642552272365188060e+01
7.775973196907104068e+01
7.893542869068660650e+01
7.991775682026444372e+01
8.069943416481923748e+01
8.129127290311575393e+01
8.171340398445499886e+01
8.198907410240362026e+01
8.214094636241381409e+01
8.218921021276044314e+01
8.215080526846546149e+01
8.203925028019533272e+01
8.186475598369845841e+01
8.163443677851512348e+01
8.135252160719494441e+01
8.102051312517927784e+01
8.063726983326573361e+01
8.019899801003083439e+01
7.969914527538826121e+01
7.912818943311950193e+01
7.847331784603272808e+01
7.771799706119679740e+01
7.684144411517513618e+01
7.581803717884868377e+01
7.461675614563721126e+01
7.320084279085610035e+01
7.152804239067299363e+01
6.955206242403042438e+01
6.722626021700209265e+01
6.451094591443359150e+01
6.138568659986229648e+01
5.786674762483058743e+01
5.402593341781196301e+01
5.000000000000000000e+01
7.500000000000000000e+01
7.692898805463116219e+01
7.871070561045115710e+01
8.024975143380598297e+01
8.151021091350790471e+01
8.249843834323515068e+01
8.324288931764014876e+01
8.377968605105824906e+01
8.414450928490546744e+01
8.436890339953386331e+01
8.447908050050078543e+01
8.449593294629818274e+01
8.443552458390510651e+01
8.430969396448705311e+01
8.412660450947839763e+01
8.389117745579275720e+01
8.360538863112047636e+01
8.326842688759602140e+01
8.287671501585367650e+01
8.242379054920691317e+01
8.190003765707561456e+01
8.129225432733611001e+01
8.058303318030782236e+01
7.974993293742903688e+01
7.876442793837809120e+01
7.759066006872062360e+01
7.618411056041003349e+01
7.449051294847399163e+01
7.244573359058411199e+01
6.997807365556101900e+01
6.701556942847386722e+01
6.350211642841372139e+01
5.942624232753469471e+01
5.486134065971695151e+01
5.000000000000000000e+01
7.500000000000000000e+01
7.757972388442162526e+01
7.990435098429641414e+01
8.184266052057826357e+01
8.337489705672597040e+01
8.454121897697324073e+01
8.540215997315146979e+01
8.601794161723236698e+01
8.644037358662616555e+01
8.671107745031530101e+01
8.686227544341069517e+01
8.691832143232140595e+01
8.689722114463982905e+01
8.681189078086617883e+01
8.667110983911881306e+01
8.648019507537709671e+01
8.624143705591390585e+01
8.595433407014431282e+01
8.561564461658105074e+01
8.521926424851000093e+01
8.475591631863993314e+01
8.421262862592836029e+01
8.357194839526934516e+01
8.281082651585514043e+01
8.189908156851385002e+01
8.079734563045721529e+01
7.945442643358931889e+01
7.780416525222891266e+01
7.576228533427101297e+01
7.322473138618398991e+01
7.007114171548714410e+01
6.618096735778395612e+01
6.147476459717754693e+01
5.599318689352113410e+01
5.000000000000000000e+01
7.500000000000000000e+01
7.848555649875909523e+01
8.148431392173451115e+01
8.384164260748465836e+01
8.560549781584441575e+01
8.688938053478041468e+01
8.780658998076003741e+01
8.844954685809368300e+01
8.888796599405162624e+01
8.917275737169043737e+01
8.934062239050531673e+01
8.941785619493690263e+01
8.942314778146661070e+01
8.936953817521903431e+01
8.926574899075355063e+01
8.911705595068291075e+01
8.892583044701370909e+01
8.869182772048625907e+01
8.841226513181607061e+01
8.808170550961220613e+01
8.769173474304572835e+01
8.723039546246805287e+01
8.668130525898600069e+01
8.602234316220835808e+01
8.522372618936503841e+01
8.424521445100508288e+01
8.303208429126124202e+01
8.150943629258131296e+01
7.957451110808693784e+01
7.708742483941676937e+01
7.386329868950670630e+01
6.967584669005748310e+01
6.429866180987036728e+01
5.763664231719005926e+01
5.000000000000000000e+01
7.500000000000000000e+01
7.987818818888028716e+01
8.370570559639786268e+01
8.643409817178140031e+01
8.831607106438669064e+01
8.960421536554396482e+01
9.048527255701452532e+01
9.108568984033074400e+01
9.148918615979611957e+01
9.175136365188954812e+01
9.190960055198318912e+01
9.198933317545424870e+01
9.200797561107073363e+01
9.197736514778972605e+01
9.190529199799341598e+01
9.179644928958744288e+01
9.165300106097171806e+01
9.147488123297094376e+01
9.125988268058476649e+01
9.100355791507703884e+01
9.069892168146260758e+01
9.033591322191215056e+01
8.990053401599823246e+01
8.937351468462721016e+01
8.872826557573289108e+01
8.792770169293682159e+01
8.691925998786923913e+01
8.562698451874811667e+01
8.393889796607861342e+01
8.168715817388941502e+01
7.861878151306541440e+01
7.436045890306886008e+01
6.840739363505629456e+01
6.025472056536874987e+01
5.000000000000000000e+01
7.500000000000000000e+01
8.232149066036429019e+01
8.702622210319525209e+01
8.987297341885647484e+01
9.162047290437695324e+01
9.272613730599422865e+01
9.344459504142335504e+01
9.391875378641867655e+01
9.423172515291260254e+01
9.443391052408844644e+01
9.455708299008362872e+01
9.462190034382625470e+01
9.464205633957226382e+01
9.462665480687576292e+01
9.458160456384293013e+01
9.451044814870172672e+01
9.441484327431483337e+01
9.429481346984098877e+01
9.414882644247511223e+01
9.397372178864853254e+01
9.376448084581549836e+01
9.351380172771963828e+01
9.321140289846746896e+01
9.284291598456930217e+01
9.238811973600257943e+01
9.181806675714004484e+01
9.109026944853093255e+01
9.014034382846327276e+01
8.886693806359004100e+01
8.710352837699689132e+01
8.456421028579661936e+01
8.073981377409637616e+01
7.471573326191715125e+01
6.497484630922873805e+01
5.000000000000000000e+01
7.500000000000000000e+01
8.738155234938164995e+01
9.220471873716229538e+01
9.441110049607230792e+01
9.556670982827048988e+01
9.623526591263268415e+01
9.664821651626603227e+01
9.691300511100796200e+01
9.708505014134713917e+01
9.719547030146804900e+01
9.726292054043661039e+01
9.729912887019480650e+01
9.731169459651628983e+01
9.730559317629821692e+01
9.728402330180075808e+01
9.724889546706187105e+01
9.720111041774494254e+01
9.714070292960303732e+01
9.706688783082617533e+01
9.697802195122652336e+01
9.687147818543134292e+01
9.674340994468346366e+01
9.658835986558273135e+01
9.639862661918002118e+01
9.616323062656809384e+01
9.586617615108984580e+01
9.548340722065120190e+01
9.497718328298394397e+01
9.428498208282135806e+01
9.329580698471153255e+01
9.179471747902773870e+01
8.931885264560284554e+01
8.474087932928722466e+01
7.492893140962897292e+01
5.000000000000000000e+01
8.750000000000000000e+01
1.000000000000000000e+02
1.000000000000000000e+02
1.000000000000000000e+02
1.000000000000000000e+02
1.000000000000000000e+02
1.000000000000000000e+02
1.000000000000000000e+02
1.000000000000000000e+02
1.000000000000000000e+02
1.000000000000000000e+02
1.000000000000000000e+02
1.000000000000000000e+02
1.000000000000000000e+02
1.000000000000000000e+02
1.000000000000000000e+02
1.000000000000000000e+02
1.000000000000000000e+02
1.000000000000000000e+02
1.000000000000000000e+02
1.000000000000000000e+02
1.000000000000000000e+02
1.000000000000000000e+02
1.000000000000000000e+02
1.000000000000000000e+02
1.000000000000000000e+02
1.000000000000000000e+02
1.000000000000000000e+02
1.000000000000000000e+02
1.000000000000000000e+02
1.000000000000000000e+02
1.000000000000000000e+02
1.000000000000000000e+02
1.000000000000000000e+02
7.500000000000000000e+01
