0.0000e+00
0.0000e+00
0.0000e+00
0.0000e+00
6.6255e-04
-4.9986e-05
6.6255e-04
4.9988e-05
0.0000e+00
0.0000e+00
0.0000e+00
0.0000e+00
0.0000e+00
0.0000e+00
0.0000e+00
0.0000e+00
0.0000e+00
0.0000e+00
0.0000e+00
0.0000e+00
0.0000e+00
0.0000e+00
0.0000e+00
0.0000e+00
0.0000e+00
0.0000e+00
0.0000e+00
0.0000e+00
0.0000e+00
0.0000e+00
0.0000e+00
0.0000e+00
0.0000e+00
0.0000e+00
0.0000e+00
0.0000e+00
0.0000e+00
0.0000e+00
0.0000e+00
0.0000e+00
0.0000e+00
0.0000e+00
0.0000e+00
0.0000e+00
0.0000e+00
0.0000e+00
0.0000e+00
0.0000e+00
0.0000e+00
0.0000e+00
0.0000e+00
0.0000e+00
0.0000e+00
0.0000e+00
0.0000e+00
0.0000e+00
0.0000e+00
0.0000e+00
0.0000e+00
0.0000e+00
0.0000e+00
0.0000e+00
0.0000e+00
0.0000e+00
0.0000e+00
0.0000e+00
0.0000e+00
0.0000e+00
0.0000e+00
0.0000e+00
0.0000e+00
0.0000e+00
0.0000e+00
0.0000e+00
0.0000e+00
0.0000e+00
0.0000e+00
0.0000e+00
0.0000e+00
0.0000e+00
0.0000e+00
0.0000e+00
0.0000e+00
0.0000e+00
0.0000e+00
0.0000e+00
0.0000e+00
0.0000e+00
0.0000e+00
0.0000e+00
0.0000e+00
0.0000e+00
0.0000e+00
0.0000e+00
0.0000e+00
0.0000e+00
0.0000e+00
0.0000e+00
0.0000e+00
0.0000e+00
0.0000e+00
0.0000e+00
0.0000e+00
0.0000e+00
0.0000e+00
0.0000e+00
0.0000e+00
0.0000e+00
0.0000e+00
0.0000e+00
0.0000e+00
0.0000e+00
0.0000e+00
0.0000e+00
0.0000e+00
0.0000e+00
0.0000e+00
0.0000e+00
0.0000e+00
0.0000e+00
0.0000e+00
0.0000e+00
0.0000e+00
0.0000e+00
0.0000e+00
0.0000e+00
0.0000e+00
0.0000e+00
0.0000e+00
0.0000e+00
0.0000e+00
0.0000e+00
0.0000e+00
0.0000e+00
0.0000e+00
0.0000e+00
0.0000e+00
0.0000e+00
0.0000e+00
0.0000e+00
0.0000e+00
0.0000e+00
0.0000e+00
0.0000e+00
0.0000e+00
0.0000e+00
0.0000e+00
0.0000e+00
0.0000e+00
0.0000e+00
0.0000e+00
0.0000e+00
0.0000e+00
0.0000e+00
0.0000e+00
0.0000e+00
0.0000e+00
0.0000e+00
0.0000e+00
0.0000e+00
0.0000e+00
0.0000e+00
0.0000e+00
0.0000e+00
0.0000e+00
0.0000e+00
0.0000e+00
0.0000e+00
0.0000e+00
0.0000e+00
0.0000e+00
0.0000e+00
0.0000e+00
0.0000e+00
0.0000e+00
0.0000e+00
0.0000e+00
0.0000e+00
0.0000e+00
0.0000e+00
0.0000e+00
0.0000e+00
0.0000e+00
0.0000e+00
0.0000e+00
0.0000e+00
0.0000e+00
0.0000e+00
0.0000e+00
0.0000e+00
0.0000e+00
0.0000e+00
0.0000e+00
0.0000e+00
0.0000e+00
0.0000e+00
0.0000e+00
0.0000e+00
0.0000e+00
0.0000e+00
0.0000e+00
0.0000e+00
0.0000e+00
0.0000e+00
0.0000e+00
0.0000e+00
6.8757e-06
-4.8535e-06
1.2169e-05
-8.3589e-06
1.6965e-05
-1.1511e-05
2.1564e-05
-1.4393e-05
2.6101e-05
-1.7059e-05
3.0624e-05
-1.9576e-05
3.5186e-05
-2.1966e-05
3.9837e-05
-2.4228e-05
4.4582e-05
-2.6392e-05
4.9452e-05
-2.8454e-05
5.4467e-05
-3.0420e-05
5.9648e-05
-3.2290e-05
6.5017e-05
-3.4062e-05
7.0585e-05
-3.5747e-05
7.6383e-05
-3.7337e-05
8.2405e-05
-3.8833e-05
8.8707e-05
-4.0232e-05
9.5280e-05
-4.1541e-05
1.0215e-04
-4.2749e-05
1.0934e-04
-4.3864e-05
1.1687e-04
-4.4883e-05
1.2478e-04
-4.5808e-05
1.3306e-04
-4.6635e-05
1.4175e-04
-4.7370e-05
1.5089e-04
-4.8020e-05
1.6047e-04
-4.8578e-05
1.7054e-04
-4.9056e-05
1.8112e-04
-4.9457e-05
1.9223e-04
-4.9780e-05
2.0390e-04
-5.0033e-05
2.1616e-04
-5.0228e-05
2.2903e-04
-5.0367e-05
2.4254e-04
-5.0461e-05
2.5671e-04
-5.0511e-05
2.7158e-04
-5.0528e-05
2.8717e-04
-5.0522e-05
3.0351e-04
-5.0488e-05
3.2064e-04
-5.0444e-05
3.3857e-04
-5.0394e-05
3.5735e-04
-5.0337e-05
3.7700e-04
-5.0281e-05
3.9757e-04
-5.0226e-05
4.1908e-04
-5.0177e-05
4.4158e-04
-5.0133e-05
4.6511e-04
-5.0097e-05
4.8971e-04
-5.0068e-05
5.1542e-04
-5.0045e-05
5.4230e-04
-5.0028e-05
5.7040e-04
-5.0015e-05
5.9977e-04
-5.0004e-05
6.3046e-04
-4.9996e-05
6.6256e-04
-3.9986e-05
6.6257e-04
-2.9988e-05
6.6258e-04
-1.9991e-05
6.6258e-04
-9.9945e-06
6.6259e-04
1.0227e-09
6.6258e-04
9.9965e-06
6.6258e-04
1.9992e-05
6.6257e-04
2.9989e-05
6.6256e-04
3.9988e-05
6.3046e-04
4.9997e-05
5.9977e-04
5.0006e-05
5.7040e-04
5.0016e-05
5.4230e-04
5.0029e-05
5.1542e-04
5.0047e-05
4.8971e-04
5.0069e-05
4.6511e-04
5.0099e-05
4.4158e-04
5.0135e-05
4.1908e-04
5.0178e-05
3.9757e-04
5.0228e-05
3.7700e-04
5.0279e-05
3.5735e-04
5.0339e-05
3.3857e-04
5.0394e-05
3.2064e-04
5.0446e-05
3.0351e-04
5.0492e-05
2.8717e-04
5.0519e-05
2.7158e-04
5.0530e-05
2.5671e-04
5.0510e-05
2.4254e-04
5.0461e-05
2.2903e-04
5.0372e-05
2.1616e-04
5.0229e-05
2.0390e-04
5.0034e-05
1.9223e-04
4.9778e-05
1.8112e-04
4.9455e-05
1.7054e-04
4.9055e-05
1.6047e-04
4.8580e-05
1.5089e-04
4.8021e-05
1.4176e-04
4.7373e-05
1.3306e-04
4.6637e-05
1.2478e-04
4.5806e-05
1.1688e-04
4.4879e-05
1.0934e-04
4.3863e-05
1.0215e-04
4.2748e-05
9.5280e-05
4.1537e-05
8.8700e-05
4.0231e-05
8.2411e-05
3.8833e-05
7.6378e-05
3.7340e-05
7.0591e-05
3.5746e-05
6.5013e-05
3.4064e-05
5.9653e-05
3.2287e-05
5.4470e-05
3.0420e-05
4.9452e-05
2.8453e-05
4.4580e-05
2.6391e-05
3.9833e-05
2.4232e-05
3.5185e-05
2.1978e-05
3.0634e-05
1.9562e-05
2.6094e-05
1.7059e-05
2.1563e-05
1.4398e-05
1.6968e-05
1.1524e-05
1.2162e-05
8.3516e-06
6.8687e-06
4.8655e-06
2.3842e-06
-1.2539e-08
2.3726e-06
1.8653e-07
2.0865e-06
-1.8794e-07
2.1282e-06
-3.4855e-07
2.9138e-06
4.5125e-07
2.0311e-06
-4.7333e-07
2.8478e-06
-8.8575e-07
2.2163e-06
4.9490e-07
2.9367e-06
8.7988e-07
1.6506e-04
4.6262e-05
1.5513e-04
-4.5860e-05
1.2012e-04
4.3413e-05
1.1223e-04
-4.2462e-05
2.2394e-06
-8.5987e-07
2.3533e-06
8.6659e-07
2.0964e-04
-4.6649e-05
8.4311e-05
3.7937e-05
7.8278e-05
-3.6701e-05
2.2251e-04
4.6959e-05
2.8081e-04
-4.6242e-05
2.7767e-06
1.2430e-06
6.0759e-05
3.1804e-05
2.9312e-06
-1.3637e-06
2.8097e-04
4.6510e-05
5.5404e-05
-3.0011e-05
2.2262e-06
7.7606e-08
2.4222e-06
-1.1264e-07
3.4855e-04
-4.5601e-05
3.4931e-04
4.5198e-05
2.8683e-06
1.4930e-06
2.9336e-06
-1.5862e-06
4.3030e-04
-4.4789e-05
4.0700e-05
2.4228e-05
4.3048e-04
4.4786e-05
3.5806e-05
-2.1981e-05
5.0201e-04
-4.3441e-05
5.0171e-04
4.3179e-05
2.8066e-06
1.6236e-06
2.2431e-06
-6.1335e-07
2.4600e-06
6.4054e-07
2.0959e-06
-2.7858e-07
2.2827e-06
-4.5659e-07
2.2573e-06
4.2021e-07
2.2880e-06
2.7430e-07
2.7712e-06
-1.6713e-06
2.6446e-05
1.7200e-05
6.3582e-04
4.7906e-06
2.1565e-05
-1.4470e-05
3.1223e-06
2.0139e-06
3.8755e-04
-4.4999e-05
3.8546e-04
4.5039e-05
3.0935e-04
-4.6641e-05
3.1208e-04
4.6115e-05
2.4905e-04
4.6965e-05
2.3654e-04
-4.6767e-05
5.5729e-04
4.3249e-05
1.8631e-04
4.6808e-05
1.7550e-04
-4.6587e-05
1.3666e-04
4.4827e-05
1.2840e-04
-4.4293e-05
9.7898e-05
4.0458e-05
9.1109e-05
-3.9271e-05
7.2379e-05
3.5151e-05
6.6137e-05
-3.3450e-05
5.0364e-05
2.8169e-05
4.5354e-05
-2.6194e-05
5.5425e-04
-4.3345e-05
6.3384e-04
-1.5289e-05
1.7272e-05
1.1900e-05
2.6403e-06
-1.3238e-06
3.5594e-06
-2.3236e-06
2.6471e-06
-1.1420e-06
2.6429e-06
1.2777e-06
2.7596e-06
1.1455e-06
2.5690e-06
-9.1058e-07
2.1226e-06
7.1723e-07
1.9465e-06
1.9303e-07
2.6758e-06
-2.9132e-07
2.3383e-06
-1.5746e-07
2.4032e-06
1.3771e-07
2.2370e-06
3.7827e-08
2.4610e-06
-6.3583e-08
6.3543e-04
2.4979e-05
1.2419e-05
-8.8051e-06
6.3345e-04
-3.4498e-05
7.7844e-06
5.6255e-06
6.1485e-04
4.2938e-05
4.0980e-06
-2.8560e-06
6.3419e-04
-2.4991e-05
6.0666e-04
-2.0387e-05
6.0643e-04
-1.0587e-05
5.8017e-04
-1.5752e-05
5.7894e-04
-6.6285e-06
5.5381e-04
-1.1075e-05
5.5337e-04
-2.7780e-06
5.2900e-04
-6.7998e-06
5.2894e-04
1.0730e-06
5.0620e-04
-3.0061e-06
5.0573e-04
4.6701e-06
4.8400e-04
5.3828e-07
4.8435e-04
-6.8925e-06
4.6297e-04
-3.3645e-06
4.6249e-04
3.8831e-06
4.4236e-04
1.2384e-07
4.4107e-04
7.0464e-06
4.2210e-04
3.5070e-06
4.2274e-04
-3.3627e-06
4.0363e-04
1.2989e-08
4.0262e-04
6.4407e-06
3.8513e-04
3.0427e-06
3.8567e-04
-3.2072e-06
3.6799e-04
-1.1137e-07
3.6728e-04
5.9329e-06
3.5081e-04
2.7208e-06
3.5131e-04
-2.9570e-06
3.3521e-04
-8.7489e-09
3.3471e-04
5.1162e-06
3.1899e-04
2.3574e-06
3.1964e-04
-2.4465e-06
3.0443e-04
-9.3637e-08
3.0347e-04
4.8557e-06
2.8937e-04
2.1640e-06
2.8934e-04
-2.4788e-06
2.7533e-04
-2.3494e-07
2.7502e-04
4.4553e-06
2.6236e-04
1.6866e-06
2.6189e-04
-2.6804e-06
2.4890e-04
-4.8289e-07
2.4933e-04
4.2753e-06
2.3640e-04
1.6707e-06
2.3653e-04
-2.6241e-06
2.2442e-04
-5.3130e-07
2.2396e-04
3.6093e-06
2.1290e-04
1.2963e-06
2.1309e-04
-2.9028e-06
2.0174e-04
-8.4450e-07
2.0225e-04
3.5104e-06
1.9070e-04
1.1384e-06
1.9126e-04
-3.0065e-06
1.8053e-04
-8.8033e-07
1.7988e-04
2.7449e-06
1.7018e-04
9.2221e-07
1.7029e-04
-2.3018e-06
1.6068e-04
-6.8216e-07
1.6035e-04
2.4607e-06
1.5125e-04
7.6884e-07
1.5152e-04
-2.0686e-06
1.4243e-04
-6.3081e-07
1.4221e-04
2.1089e-06
1.3378e-04
6.4843e-07
1.3365e-04
3.2813e-06
1.3393e-04
-1.9403e-06
1.2574e-04
-6.8754e-07
1.2587e-04
-3.1450e-06
1.1788e-04
-1.9254e-06
1.1809e-04
-4.2301e-06
1.1047e-04
-3.0437e-06
1.1091e-04
-5.2738e-06
1.0325e-04
-3.9692e-06
1.0352e-04
-6.0110e-06
1.0283e-04
-1.9263e-06
1.1861e-04
-6.8550e-06
9.6198e-05
-4.7151e-06
9.6656e-05
-6.6755e-06
8.9888e-05
-5.5492e-06
9.0146e-05
-7.2732e-06
8.3620e-05
-6.1438e-06
8.3894e-05
-7.7666e-06
9.0263e-05
-8.9811e-06
8.4072e-05
-9.3959e-06
9.0431e-05
-1.0689e-05
8.3920e-05
-1.1028e-05
9.0603e-05
-1.2413e-05
8.4073e-05
-1.2690e-05
7.8335e-05
-9.7779e-06
9.0893e-05
-1.4199e-05
8.4661e-05
-1.4399e-05
9.1141e-05
-1.5963e-05
8.5012e-05
-1.6133e-05
9.1455e-05
-1.7767e-05
9.7807e-05
-1.7598e-05
8.5371e-05
-1.7903e-05
7.9053e-05
-1.6220e-05
7.9412e-05
-1.7891e-05
7.3306e-05
-1.6210e-05
7.3460e-05
-1.7671e-05
6.7767e-05
-1.6061e-05
6.7895e-05
-1.7408e-05
6.2398e-05
-1.5779e-05
6.2707e-05
-1.7112e-05
5.7290e-05
-1.5402e-05
5.7057e-05
-1.4189e-05
5.7622e-05
-1.6657e-05
9.2048e-05
-1.9632e-05
5.2207e-05
-1.3759e-05
5.1913e-05
-1.2670e-05
8.3398e-05
-4.5444e-06
6.8831e-05
-1.8942e-05
7.7469e-05
-5.0915e-06
7.7059e-05
-3.7102e-06
7.1450e-05
-4.1408e-06
7.1232e-05
-2.8608e-06
6.5851e-05
-3.2928e-06
6.5591e-05
-2.1372e-06
6.0422e-05
-2.5377e-06
6.0233e-05
-1.4919e-06
5.5245e-05
-1.8840e-06
5.5004e-05
-9.3974e-07
5.9990e-05
-4.6707e-07
5.4791e-05
-5.0085e-09
5.9741e-05
5.3999e-07
5.4726e-05
9.4302e-07
5.9551e-05
1.5419e-06
5.4616e-05
1.8895e-06
5.9373e-05
2.5393e-06
5.4361e-05
2.8094e-06
5.9159e-05
3.5274e-06
5.4323e-05
3.7268e-06
5.9016e-05
4.5188e-06
5.4188e-05
4.6532e-06
5.9096e-05
5.5471e-06
5.4091e-05
5.5877e-06
5.8972e-05
6.5581e-06
5.3968e-05
6.5289e-06
5.8632e-05
7.5344e-06
5.3626e-05
7.4389e-06
5.8449e-05
8.5341e-06
5.3474e-05
8.3819e-06
5.8348e-05
9.5582e-06
5.3359e-05
9.3430e-06
5.8279e-05
1.0611e-05
6.3408e-05
1.0797e-05
6.3354e-05
1.1968e-05
5.8087e-05
1.1661e-05
6.8638e-05
1.2110e-05
6.8632e-05
1.3402e-05
7.4169e-05
1.3521e-05
7.4194e-05
1.4939e-05
7.9959e-05
1.5011e-05
8.0005e-05
1.6561e-05
8.5909e-05
1.6596e-05
5.5396e-05
-2.8390e-06
6.4569e-05
5.3867e-06
8.6069e-05
1.8287e-05
9.2186e-05
1.8240e-05
7.9616e-05
1.8073e-05
8.6542e-05
1.5146e-05
5.0460e-05
-2.1989e-06
5.0539e-05
-3.0470e-06
5.0097e-05
4.6481e-07
4.9822e-05
2.9575e-06
4.9209e-05
6.5122e-06
9.2363e-05
2.0028e-05
9.8767e-05
1.9897e-05
4.7291e-05
-1.2192e-05
4.7016e-05
-1.1234e-05
4.5854e-05
-2.4269e-06
4.5926e-05
-3.1824e-06
9.8968e-05
2.1896e-05
1.0565e-04
2.1659e-05
4.2595e-05
-1.0727e-05
4.2368e-05
-9.8888e-06
4.2410e-05
-1.1578e-05
4.1451e-05
-2.5755e-06
4.1523e-05
-3.2494e-06
1.0576e-04
2.3745e-05
1.1254e-04
2.3379e-05
9.9110e-05
2.3945e-05
1.1250e-04
2.1233e-05
1.1980e-04
2.2957e-05
3.8139e-05
-9.3634e-06
3.7964e-05
-8.6300e-06
4.2121e-05
-9.0815e-06
3.7774e-05
-7.9182e-06
3.6525e-05
-2.5648e-06
3.7178e-05
-3.2275e-06
3.7066e-05
-2.0558e-06
4.1906e-05
-8.3111e-06
1.1968e-04
2.0679e-05
1.2730e-04
2.2459e-05
1.2730e-04
2.4811e-05
1.3507e-04
2.4159e-05
1.3511e-04
2.1708e-05
1.4328e-04
2.3421e-05
3.3893e-05
-8.1032e-06
3.2863e-05
-2.6738e-06
3.3248e-05
-3.1769e-06
1.0591e-04
2.5866e-05
9.9288e-05
2.6017e-05
6.4518e-05
2.2145e-06
4.5645e-05
-3.9146e-06
1.4294e-04
2.5907e-05
1.5175e-04
2.5290e-05
1.5164e-04
2.2422e-05
1.6051e-04
2.4340e-05
2.9203e-05
-2.6177e-06
2.9482e-05
-3.0483e-06
1.0623e-04
2.8019e-05
9.9590e-05
2.8113e-05
1.6037e-04
2.1364e-05
1.6957e-04
2.3204e-05
1.6958e-04
2.6373e-05
1.7905e-04
2.5106e-05
2.5644e-05
-2.4936e-06
2.6102e-05
-2.9604e-06
2.5448e-05
-2.1200e-06
3.3242e-05
-3.6750e-06
1.7901e-04
2.8461e-05
1.8877e-04
2.7111e-05
1.8876e-04
2.3660e-05
1.9877e-04
2.5692e-05
9.7346e-05
-1.2052e-05
9.2830e-05
2.6064e-05
9.3099e-05
2.8058e-05
8.6553e-05
2.5978e-05
8.6875e-05
2.7878e-05
8.0597e-05
2.5784e-05
8.0923e-05
2.7579e-05
7.4827e-05
2.5454e-05
7.5206e-05
2.7158e-05
6.9323e-05
2.4975e-05
6.8931e-05
2.3376e-05
6.3571e-05
2.2803e-05
6.3216e-05
2.1308e-05
5.8080e-05
2.0683e-05
5.8415e-05
2.2081e-05
5.3034e-05
1.9918e-05
5.2786e-05
1.8659e-05
4.8020e-05
1.7834e-05
4.7824e-05
1.6726e-05
4.3254e-05
1.5855e-05
4.3119e-05
1.4876e-05
4.3154e-05
1.6803e-05
3.8695e-05
1.3965e-05
3.8632e-05
1.3123e-05
3.4403e-05
1.2191e-05
3.4367e-05
1.1468e-05
3.0325e-05
1.0530e-05
3.0335e-05
9.9187e-06
3.0280e-05
1.1144e-05
3.4321e-05
1.0780e-05
3.0320e-05
9.3136e-06
3.4281e-05
1.0118e-05
3.0323e-05
8.7358e-06
4.7590e-05
1.5660e-05
2.6512e-05
8.4662e-06
3.4263e-05
9.4820e-06
3.0354e-05
8.1894e-06
3.4275e-05
8.8707e-06
3.0356e-05
7.6541e-06
2.6565e-05
6.9812e-06
2.6588e-05
6.5249e-06
3.0332e-05
7.1305e-06
2.6582e-05
6.0675e-06
3.0319e-05
6.6246e-06
2.6584e-05
5.6249e-06
2.2953e-05
5.4713e-06
3.0275e-05
6.1316e-06
2.6582e-05
5.2009e-06
3.8328e-05
1.0166e-05
1.0649e-04
3.0167e-05
1.8869e-04
3.0495e-05
3.7575e-05
-7.2366e-06
4.1692e-05
-7.5592e-06
4.6161e-05
-8.6436e-06
4.5932e-05
-7.8122e-06
5.0621e-05
-8.9127e-06
2.2202e-05
-2.3438e-06
2.2174e-05
-2.6555e-06
1.9886e-04
2.2112e-05
2.0944e-04
2.4217e-05
5.0342e-05
-7.9694e-06
7.7502e-05
-2.2929e-06
3.0619e-05
5.7399e-06
2.6804e-05
4.8281e-06
2.3020e-05
4.3457e-06
2.2995e-05
3.9866e-06
2.6754e-05
4.4074e-06
2.2986e-05
3.6373e-06
2.6798e-05
4.0132e-06
2.2988e-05
3.2971e-06
2.6780e-05
3.6183e-06
2.2964e-05
2.9550e-06
2.6476e-05
3.1976e-06
2.2889e-05
2.6148e-06
2.6389e-05
2.8117e-06
2.2830e-05
2.2824e-06
2.6338e-05
2.4344e-06
2.2797e-05
1.9543e-06
2.6233e-05
2.0570e-06
2.2770e-05
1.6354e-06
2.6205e-05
1.6901e-06
2.2755e-05
1.3224e-06
2.6191e-05
1.3274e-06
2.2740e-05
1.0054e-06
2.6171e-05
9.6899e-07
2.2711e-05
6.8735e-07
2.6209e-05
6.1003e-07
2.2702e-05
3.7697e-07
2.6204e-05
2.5091e-07
2.2691e-05
6.5095e-08
2.9917e-05
2.9553e-06
1.7891e-04
3.1814e-05
1.9525e-05
3.2610e-06
8.7070e-05
2.9698e-05
1.8999e-05
2.0497e-06
1.9251e-05
1.2714e-06
1.9317e-05
4.4691e-07
1.1332e-04
2.9962e-05
1.1360e-04
3.2246e-05
1.2063e-04
3.1915e-05
4.6299e-04
-1.0590e-05
1.1768e-04
3.9706e-07
5.3725e-05
2.1323e-05
2.9783e-05
9.2408e-07
1.8782e-05
-2.1294e-06
1.8843e-05
-2.3993e-06
2.2089e-05
-2.9511e-06
1.8846e-05
-2.6644e-06
2.2110e-05
-3.2657e-06
1.8827e-05
-2.9269e-06
2.0951e-04
2.0322e-05
2.2080e-04
2.2327e-05
2.2032e-04
2.6381e-05
2.3210e-04
2.4424e-05
2.3119e-04
2.8577e-05
2.4328e-04
2.6936e-05
2.4387e-04
2.2438e-05
2.5548e-04
2.4874e-05
2.2173e-05
-3.5907e-06
1.8840e-05
-3.2002e-06
2.5465e-05
-3.9037e-06
3.3613e-05
-6.8460e-06
1.9574e-05
2.6782e-06
1.8172e-05
-1.7893e-06
1.9865e-04
1.8427e-05
3.4006e-05
-8.7473e-06
2.9909e-05
-7.5005e-06
3.0005e-05
-8.0561e-06
2.6163e-05
-6.8557e-06
2.6216e-05
-7.3288e-06
2.2798e-05
-6.2181e-06
2.2602e-05
-6.5570e-06
2.6229e-05
-7.7943e-06
2.2614e-05
-6.9738e-06
2.6233e-05
-8.2694e-06
2.2639e-05
-7.3930e-06
2.6268e-05
-8.7620e-06
2.2665e-05
-7.8281e-06
2.6320e-05
-9.2800e-06
2.2708e-05
-8.2878e-06
2.6392e-05
-9.8241e-06
2.2756e-05
-8.7630e-06
2.6474e-05
-1.0393e-05
3.0211e-05
-1.1442e-05
3.0344e-05
-1.2119e-05
2.6489e-05
-1.0961e-05
3.0442e-05
-1.2813e-05
3.4411e-05
-1.3912e-05
3.4628e-05
-1.4773e-05
3.0507e-05
-1.3527e-05
3.8730e-05
-1.5828e-05
3.9012e-05
-1.6823e-05
4.3199e-05
-1.7849e-05
4.3596e-05
-1.8954e-05
4.8292e-05
-2.0006e-05
4.8485e-05
-2.1165e-05
5.3086e-05
-2.2094e-05
4.3967e-05
-2.0100e-05
2.2249e-05
-5.6799e-06
5.3618e-05
-2.3491e-05
5.8338e-05
-2.4344e-05
5.8144e-05
-2.3009e-05
6.3100e-05
-2.4983e-05
4.3305e-05
-1.6843e-05
1.9065e-05
-5.3925e-06
6.3509e-05
-2.6602e-05
6.8368e-05
-2.7087e-05
6.7984e-05
-2.5514e-05
7.3619e-05
-2.7560e-05
1.9501e-05
-6.5954e-06
7.2864e-05
-2.5749e-05
7.8924e-05
-2.7912e-05
7.7929e-05
-2.5849e-05
8.4318e-05
-2.8060e-05
8.5051e-05
-3.0021e-05
9.0789e-05
-3.0204e-05
9.0103e-05
-2.8189e-05
9.6765e-05
-3.0274e-05
9.6169e-05
-2.8222e-05
1.0300e-04
-3.0230e-05
1.0244e-04
-2.8073e-05
1.0951e-04
-3.0060e-05
1.0905e-04
-2.7824e-05
1.1628e-04
-2.9778e-05
1.1589e-04
-2.7434e-05
1.2319e-04
-2.9340e-05
1.2294e-04
-2.6912e-05
1.3071e-04
-2.8737e-05
1.3036e-04
-2.6207e-05
1.3867e-04
-2.8089e-05
1.3816e-04
-2.5512e-05
1.4654e-04
-2.7364e-05
1.4627e-04
-2.4616e-05
1.5486e-04
-2.6520e-05
1.5499e-04
-2.3691e-05
1.6372e-04
-2.5541e-05
1.6378e-04
-2.2427e-05
1.7286e-04
-2.4228e-05
1.7290e-04
-2.7521e-05
1.8241e-04
-2.6210e-05
1.8231e-04
-2.2822e-05
1.9228e-04
-2.4834e-05
1.4643e-04
-2.1668e-05
1.4655e-04
-3.0068e-05
1.9223e-04
-2.1379e-05
2.0258e-04
-2.3356e-05
2.0236e-04
-2.6773e-05
2.1335e-04
-2.5318e-05
1.2326e-04
-3.1678e-05
2.1306e-04
-2.1737e-05
2.2413e-04
-2.3796e-05
2.2563e-04
-2.7848e-05
2.3624e-04
-2.5773e-05
2.3546e-04
-2.1877e-05
2.4768e-04
-2.3787e-05
2.4719e-04
-2.8441e-05
2.5947e-04
-2.6502e-05
2.6010e-04
-2.1196e-05
2.7251e-04
-2.4203e-05
6.9770e-05
2.6627e-05
1.9265e-05
-7.2756e-06
2.6389e-05
9.5093e-06
2.6313e-05
1.0029e-05
2.2640e-05
8.4455e-06
2.2557e-05
8.8874e-06
2.6215e-05
1.0539e-05
2.2467e-05
9.3336e-06
2.6124e-05
1.1064e-05
2.2425e-05
9.8113e-06
2.6101e-05
1.1628e-05
2.2394e-05
1.0306e-05
2.6113e-05
1.2227e-05
2.2377e-05
1.0837e-05
2.6192e-05
1.2876e-05
2.2443e-05
1.1420e-05
2.6370e-05
1.3599e-05
2.2549e-05
1.2034e-05
3.0222e-05
1.5012e-05
3.0516e-05
1.5881e-05
3.4489e-05
1.7239e-05
3.4873e-05
1.8227e-05
3.8967e-05
1.9546e-05
1.9027e-05
7.3318e-06
1.9105e-05
6.9795e-06
1.2993e-04
-2.3650e-05
1.8816e-05
8.0312e-06
7.2515e-05
-1.4519e-05
1.0337e-04
-3.2283e-05
1.3424e-04
-4.4930e-06
5.5740e-05
-3.8318e-06
5.2778e-04
8.8888e-06
5.0474e-04
1.2442e-05
2.6197e-05
-1.0794e-07
2.2658e-05
-2.4387e-07
1.9276e-05
-7.6737e-08
1.9220e-05
-3.3601e-07
2.2589e-05
-5.4612e-07
1.9180e-05
-5.9199e-07
6.8581e-05
1.4681e-05
1.4192e-04
4.7861e-06
1.3335e-04
5.9039e-06
1.4159e-04
7.4682e-06
1.3312e-04
8.4890e-06
1.2518e-04
6.9353e-06
1.2493e-04
9.3751e-06
1.1729e-04
7.8890e-06
1.1705e-04
1.0151e-05
1.0971e-04
8.6918e-06
1.0947e-04
1.0830e-05
1.0237e-04
9.3363e-06
1.0254e-04
7.3458e-06
9.5530e-05
7.9507e-06
9.5605e-05
6.0940e-06
1.8211e-04
-1.9389e-05
1.9224e-05
-7.6382e-06
7.5605e-05
2.8848e-05
7.0272e-05
2.8302e-05
1.3267e-04
1.0974e-05
1.8860e-04
3.3873e-05
1.8681e-05
8.9250e-06
3.0942e-05
1.6832e-05
3.4138e-05
7.1225e-06
5.5224e-05
-9.0722e-06
5.4956e-05
-8.0727e-06
6.8503e-05
2.1815e-05
2.5504e-04
2.9181e-05
2.6791e-04
2.7296e-05
3.0905e-05
4.8307e-06
2.6835e-04
2.2798e-05
2.8118e-04
2.5132e-05
1.9212e-04
-1.7885e-05
1.8189e-04
-1.5951e-05
4.8436e-04
-1.4227e-05
1.8686e-05
9.8189e-06
1.8803e-05
1.0364e-05
2.9943e-05
1.3541e-05
9.7929e-05
1.7981e-05
3.0011e-05
-1.0205e-05
6.3716e-05
8.6838e-06
2.9833e-05
8.4427e-08
2.9794e-05
1.6694e-06
3.0284e-05
3.8326e-06
2.7155e-04
-2.9212e-05
2.8540e-04
-2.6814e-05
2.8597e-04
-2.1425e-05
2.9951e-04
-2.4220e-05
7.3819e-05
-2.9217e-05
9.1387e-05
-3.2166e-05
1.8239e-04
-2.9507e-05
2.2084e-04
1.8102e-05
4.6309e-04
-1.7831e-05
7.4301e-05
1.2211e-05
1.5534e-05
-2.3316e-06
3.8544e-05
1.8472e-05
4.3169e-05
2.0747e-05
4.3672e-05
2.1919e-05
4.8002e-05
2.3047e-05
7.8313e-05
-1.9238e-05
1.2093e-04
3.4317e-05
1.2805e-04
3.3903e-05
1.1366e-04
3.4613e-05
1.7885e-04
3.5121e-05
1.5966e-05
-1.7486e-07
2.8052e-04
2.9795e-05
2.9431e-04
2.7695e-05
1.5555e-05
-1.8822e-06
6.7127e-05
-2.3763e-05
4.1319e-05
-6.7407e-06
2.9474e-04
2.2752e-05
3.0861e-04
2.5186e-05
4.9195e-05
4.6796e-06
1.5895e-05
-6.1932e-06
1.5796e-05
-6.4598e-06
1.5691e-05
5.9030e-06
1.5760e-05
5.6331e-06
3.5399e-05
1.9273e-05
3.1484e-05
1.7841e-05
1.9203e-04
-1.4390e-05
1.1679e-04
1.2390e-05
4.8629e-05
8.1613e-06
9.5389e-05
9.8747e-06
8.8843e-05
8.4511e-06
7.6116e-05
3.0552e-05
2.9887e-04
-2.9349e-05
3.1345e-04
-2.6934e-05
3.1398e-04
-2.1779e-05
3.2855e-04
-2.4541e-05
5.5471e-05
-1.0105e-05
6.0290e-05
-1.0238e-05
5.0030e-05
-7.0497e-06
5.4656e-05
-7.0900e-06
2.2023e-05
-3.8860e-06
1.8804e-05
-3.4689e-06
1.5583e-05
-2.7723e-06
1.5577e-05
-2.9983e-06
1.8769e-05
-3.7339e-06
1.5542e-05
-3.2183e-06
4.5824e-05
-1.6586e-06
7.1638e-05
-5.4748e-06
2.2509e-05
-8.4861e-07
1.9090e-05
-8.4222e-07
1.5900e-05
-5.9758e-07
1.5788e-05
-7.9570e-07
2.6007e-05
-8.0748e-07
5.2630e-04
1.6716e-05
7.1199e-05
3.0079e-05
1.5137e-05
8.1963e-06
1.5208e-05
8.6324e-06
4.8683e-05
2.4346e-05
4.8540e-05
9.0314e-06
1.1529e-04
-2.5048e-05
3.0797e-04
3.0353e-05
3.2291e-04
2.7902e-05
3.2343e-04
2.2637e-05
3.3832e-04
2.5456e-05
1.5137e-04
1.9495e-05
1.6021e-04
1.8359e-05
1.6938e-04
3.3037e-05
1.6939e-04
3.6216e-05
1.6014e-04
3.4116e-05
1.6024e-04
3.7202e-05
5.0324e-04
2.0224e-05
1.8917e-05
1.0912e-05
1.5314e-05
9.1057e-06
1.9143e-05
1.1532e-05
1.5501e-05
9.6388e-06
6.2887e-05
1.9856e-05
6.8093e-05
2.0319e-05
6.2557e-05
1.8450e-05
3.2903e-04
-1.9320e-05
3.4418e-04
-2.2074e-05
3.4341e-04
-2.7415e-05
3.5979e-04
-2.5026e-05
5.3031e-05
2.5363e-05
1.2917e-04
3.6767e-05
1.2450e-05
-2.3203e-06
1.8850e-04
3.7240e-05
1.9850e-04
3.5912e-05
5.5003e-04
1.3184e-05
1.8185e-04
-1.2497e-05
1.7198e-04
-1.3997e-05
2.9699e-05
-8.9961e-06
8.9351e-05
-2.6129e-05
1.0250e-04
5.3814e-06
9.5651e-05
4.2776e-06
8.9023e-05
4.9227e-06
8.9064e-05
3.2460e-06
1.0927e-04
1.2983e-05
4.8433e-04
-2.1508e-05
1.2594e-05
-5.0368e-06
1.2774e-05
-4.8419e-06
1.2504e-05
-5.2515e-06
1.5764e-05
-6.7624e-06
1.2462e-05
-5.4838e-06
1.5739e-05
-7.0776e-06
1.2491e-05
-5.7568e-06
1.5732e-05
-7.4130e-06
1.2494e-05
-6.0293e-06
1.5773e-05
-7.7781e-06
1.2491e-05
-6.3155e-06
1.5830e-05
-8.1808e-06
1.9272e-05
-9.6580e-06
1.9487e-05
-1.0217e-05
1.5733e-05
-8.5116e-06
1.9509e-05
-1.0741e-05
2.3214e-05
-1.2326e-05
2.3524e-05
-1.3096e-05
1.9702e-05
-1.1351e-05
2.7255e-05
-1.4652e-05
2.7756e-05
-1.5564e-05
3.1551e-05
-1.7015e-05
3.2225e-05
-1.8071e-05
3.6105e-05
-1.9440e-05
2.8363e-05
-1.6561e-05
3.0989e-05
-1.5971e-05
6.5165e-05
7.7812e-08
4.6342e-04
-2.5040e-05
4.4298e-04
-2.1593e-05
1.7285e-04
-3.0776e-05
1.8235e-04
-3.2806e-05
1.7278e-04
-3.4012e-05
1.8228e-04
-3.6072e-05
1.9170e-04
-3.4809e-05
1.7284e-04
-3.7236e-05
1.2740e-05
-5.6198e-07
1.2628e-05
-7.1617e-07
3.8349e-05
1.1604e-05
3.8343e-05
9.4751e-06
4.2604e-05
1.0805e-05
1.0360e-04
-7.9614e-06
3.5998e-04
-1.9697e-05
3.7649e-04
-2.2336e-05
3.3887e-04
2.0117e-05
3.5436e-04
2.2939e-05
3.5350e-04
2.8338e-05
3.7004e-04
2.5888e-05
8.8745e-05
1.0335e-05
8.2484e-05
8.8684e-06
3.1282e-04
-3.1952e-05
8.6179e-05
2.4074e-05
1.5654e-05
-9.8586e-07
1.2502e-05
-8.6465e-07
1.8710e-05
-3.9952e-06
1.5466e-05
-3.4263e-06
1.2382e-05
-2.6614e-06
1.2301e-05
-2.8233e-06
3.7577e-04
-2.8177e-05
5.9699e-05
-8.0798e-06
5.9410e-05
-7.0197e-06
1.2469e-05
4.5823e-06
1.2568e-05
4.3900e-06
1.2297e-05
4.7515e-06
1.5796e-05
5.3668e-06
1.2638e-05
4.1950e-06
1.5837e-05
5.1082e-06
1.2634e-05
3.9808e-06
1.5879e-05
4.8610e-06
1.2779e-05
3.8163e-06
1.5950e-05
4.6255e-06
1.2833e-05
3.6298e-06
2.5930e-05
-1.1609e-06
5.5344e-04
-1.9507e-05
1.9814e-04
3.9351e-05
2.0851e-04
3.7964e-05
1.8217e-04
-3.9313e-05
1.9567e-05
1.2264e-05
3.1424e-04
-1.6562e-05
4.2721e-05
1.9607e-05
8.2624e-05
3.8746e-06
8.2617e-05
2.3469e-06
1.1720e-05
6.5041e-06
1.1722e-05
6.2096e-06
2.9809e-04
-3.4237e-05
3.3906e-05
-6.4106e-06
5.7380e-05
-1.3042e-05
1.6051e-05
4.4026e-06
1.2924e-05
3.4527e-06
4.2580e-05
1.0018e-05
4.7019e-05
1.1342e-05
4.7029e-05
1.2232e-05
5.1570e-05
1.2760e-05
2.9948e-05
1.2262e-05
3.2217e-04
3.3026e-05
1.0184e-04
-2.5875e-05
1.2782e-04
3.1419e-05
3.6932e-05
-2.0609e-05
4.0870e-05
-2.1887e-05
8.9004e-05
1.6111e-06
5.1630e-05
1.3741e-05
5.2062e-05
2.3930e-05
2.2077e-05
-4.5353e-06
5.4867e-04
2.1215e-05
6.7802e-05
1.8868e-05
5.6414e-05
1.4239e-05
1.6909e-04
3.9265e-05
1.9121e-05
-8.7858e-06
1.7191e-04
-1.0692e-05
1.6234e-04
-1.2091e-05
3.7143e-04
2.0430e-05
3.8761e-04
2.3211e-05
3.8681e-04
2.9084e-05
4.0468e-04
2.6454e-05
4.3987e-05
7.8651e-06
1.5919e-05
1.0312e-05
3.6102e-05
2.0380e-05
3.1763e-05
1.8626e-05
1.9128e-05
5.6803e-06
1.1680e-04
1.4553e-05
9.8415e-06
2.7089e-06
9.9268e-06
2.5810e-06
1.2955e-05
3.2681e-06
9.9789e-06
2.4486e-06
1.2960e-05
3.0816e-06
1.0007e-05
2.3126e-06
1.2985e-05
2.9051e-06
1.0034e-05
2.1781e-06
1.3010e-05
2.7297e-06
1.0063e-05
2.0462e-06
1.6035e-05
3.4664e-06
1.3038e-05
2.5574e-06
1.0093e-05
1.9154e-06
1.3544e-04
3.3485e-05
3.2373e-04
1.7292e-05
7.6734e-05
3.2243e-05
8.2054e-05
3.2727e-05
1.1927e-05
7.6225e-06
1.9204e-04
-1.0861e-05
2.0248e-04
-1.2783e-05
9.3960e-06
-3.8500e-06
1.5119e-04
1.6562e-05
1.6007e-04
1.5323e-05
1.6927e-04
1.7074e-05
1.6907e-04
1.3911e-05
5.3725e-05
2.6700e-05
5.8206e-05
2.7666e-05
1.2257e-05
8.1708e-06
9.4397e-06
3.0667e-06
1.0245e-04
3.4984e-06
3.9286e-04
-2.5402e-05
3.9250e-04
-1.9600e-05
4.9731e-05
-6.1543e-06
4.4397e-04
-2.8420e-05
1.5360e-05
-3.6294e-06
1.2197e-05
-2.9772e-06
3.9194e-04
-3.1178e-05
1.6205e-04
-9.0486e-06
1.5298e-04
-1.0324e-05
1.5305e-04
-1.3310e-05
1.4410e-04
-1.1550e-05
1.4408e-04
-1.4398e-05
1.3555e-04
-1.2655e-05
1.3559e-04
-1.5334e-05
1.2737e-04
-1.3622e-05
1.2741e-04
-1.6140e-05
1.1943e-04
-1.4461e-05
1.1962e-04
-1.6854e-05
1.1928e-04
-1.2062e-05
6.0536e-05
-1.1371e-05
6.5598e-05
-1.1487e-05
3.0703e-04
3.5359e-05
9.3425e-06
-2.0793e-06
2.0865e-04
3.4451e-05
2.1917e-04
3.6567e-05
7.1710e-05
3.1878e-05
4.0494e-04
2.0113e-05
4.2257e-04
2.3298e-05
3.9961e-05
-2.0647e-05
4.4831e-05
-2.3043e-05
4.5828e-05
-2.4311e-05
4.9871e-05
-2.5389e-05
1.5822e-04
1.1905e-05
1.6884e-04
1.0739e-05
1.7860e-04
1.2574e-05
4.9402e-05
2.5685e-05
3.2933e-04
-1.4049e-05
8.2563e-05
7.1847e-06
4.6316e-04
-3.2086e-05
1.5949e-05
3.4268e-08
1.2852e-05
-5.5214e-08
1.2819e-05
1.0378e-07
9.8303e-06
1.9316e-08
9.8309e-06
1.3888e-07
9.8324e-06
-9.0602e-08
1.2430e-05
-2.1381e-06
9.4433e-06
-1.6984e-06
9.4133e-06
-1.5657e-06
9.4096e-06
-1.9650e-06
4.4113e-05
7.1118e-06
2.2115e-05
-4.8875e-06
4.2203e-04
2.9874e-05
4.4121e-04
2.6892e-05
2.9523e-05
-1.1215e-06
9.6886e-06
-4.8809e-07
9.7636e-06
-3.7267e-07
3.7242e-04
-3.4551e-05
1.6361e-04
-3.5151e-05
1.6371e-04
-3.8250e-05
1.5473e-04
-3.6165e-05
1.5472e-04
-3.9028e-05
1.4630e-04
-3.7033e-05
1.4631e-04
-4.0209e-05
1.3825e-04
-3.7872e-05
5.7320e-04
1.7520e-05
5.7193e-04
2.6069e-05
9.2812e-06
-4.1873e-06
9.3708e-06
3.3647e-06
1.5251e-05
-3.8312e-06
1.2102e-05
-3.1326e-06
9.1684e-06
-2.3093e-06
9.0653e-06
-2.4155e-06
1.1943e-05
-3.2697e-06
8.9246e-06
-2.5128e-06
1.1778e-05
-3.4053e-06
8.7535e-06
-2.5969e-06
1.1630e-05
-3.5394e-06
8.5776e-06
-2.6758e-06
1.1472e-05
-3.6685e-06
8.4228e-06
-2.7609e-06
1.1327e-05
-3.8047e-06
6.4472e-05
2.5947e-05
1.1003e-04
1.5008e-05
8.2752e-05
7.6699e-07
8.8975e-05
-4.0240e-08
4.5278e-05
-6.0873e-06
1.3796e-04
-4.0497e-05
1.3007e-04
-3.8387e-05
1.4099e-04
1.7889e-05
1.6016e-04
4.0199e-05
7.6423e-05
7.5510e-06
7.6336e-05
6.0447e-06
7.6273e-05
9.0535e-06
4.8238e-04
1.5403e-05
1.0220e-04
1.3459e-05
2.9734e-05
-6.9355e-06
1.5156e-04
3.8103e-05
1.5159e-04
4.0969e-05
4.7771e-05
-2.3594e-05
5.3474e-05
-2.5893e-05
5.4777e-05
-2.7609e-05
5.9137e-05
-2.8487e-05
1.5275e-04
-1.6208e-05
1.3067e-05
2.3873e-06
9.9798e-06
1.7581e-06
1.2842e-05
2.6910e-07
9.8008e-06
2.5782e-07
1.2737e-05
4.2556e-07
9.7386e-06
3.7336e-07
1.2591e-05
5.6140e-07
9.6646e-06
4.8536e-07
1.2546e-05
7.0522e-07
9.6044e-06
5.9771e-07
1.2566e-05
8.5539e-07
9.5575e-06
7.1025e-07
1.2542e-05
1.0070e-06
9.5062e-06
8.2354e-07
1.2507e-05
1.1629e-06
9.4386e-06
9.3458e-07
1.2428e-05
1.3123e-06
9.3913e-06
1.0474e-06
1.2266e-05
1.4451e-06
9.3186e-06
1.1555e-06
1.2200e-05
1.5872e-06
9.2582e-06
1.2631e-06
1.2142e-05
1.7310e-06
9.2259e-06
1.3742e-06
4.2606e-05
8.4521e-06
1.3535e-04
-9.9614e-06
4.7733e-05
9.7757e-06
1.1197e-04
-1.5182e-05
1.3533e-04
3.0812e-05
1.2753e-05
2.1525e-06
6.4684e-05
-8.0153e-06
1.3868e-05
-4.3232e-06
3.9637e-05
6.7966e-06
4.0006e-05
6.1756e-06
4.5082e-05
-5.3172e-06
4.0686e-05
-5.2126e-06
1.1750e-04
5.4629e-06
7.6573e-05
1.5133e-06
9.3016e-06
-4.5842e-06
9.1579e-06
-4.7198e-06
7.1213e-06
1.6996e-06
8.3552e-06
-2.8754e-06
1.5597e-05
-1.1868e-06
1.2426e-05
-1.0203e-06
9.4873e-06
-7.1606e-07
9.3681e-06
-8.2233e-07
1.8728e-05
-1.3014e-06
1.2186e-05
-1.1466e-06
9.2012e-06
-9.2042e-07
1.1225e-04
-1.7453e-05
8.5688e-05
-3.1956e-05
9.2053e-05
-3.4138e-05
8.6407e-05
-3.3924e-05
9.2758e-05
-3.6110e-05
9.8533e-05
-3.6234e-05
9.9470e-05
-3.8155e-05
1.0512e-04
-3.8268e-05
3.3881e-05
-9.3110e-06
6.0135e-06
-1.2896e-06
7.3399e-05
2.0632e-05
9.5486e-05
8.2010e-07
5.8809e-05
-2.7205e-05
6.3981e-05
-2.9467e-05
1.5015e-04
2.8529e-05
1.2743e-04
-1.8609e-05
1.7847e-04
9.2854e-06
1.8833e-04
1.0954e-05
1.2421e-04
1.4003e-05
1.2411e-04
1.6307e-05
1.5023e-04
6.3466e-06
2.9461e-05
-1.5271e-06
1.5769e-05
1.3637e-06
8.2554e-05
3.4728e-05
8.8097e-05
3.4913e-05
6.4443e-05
-6.8579e-06
5.9041e-05
-5.9371e-06
1.6232e-04
-4.1117e-05
2.9778e-05
-3.2954e-07
3.3614e-05
-1.3462e-07
7.7543e-05
-1.2861e-05
4.4053e-04
2.0195e-05
5.8831e-05
2.9219e-05
6.5240e-05
-1.0241e-05
3.3477e-05
-6.0741e-07
3.7470e-05
-4.1055e-07
3.7539e-05
1.3651e-07
3.7378e-05
-9.2636e-07
2.0247e-04
-9.1360e-06
2.1331e-04
-1.1071e-05
1.8732e-04
4.1031e-05
1.9781e-04
4.2775e-05
4.7094e-05
1.3174e-05
5.1661e-05
1.4759e-05
5.7742e-04
1.9204e-06
2.0266e-05
1.3130e-05
2.3823e-05
1.4925e-05
2.5489e-05
-5.4014e-06
2.5359e-05
-4.9471e-06
3.1198e-04
-3.6902e-05
3.2701e-04
-3.4687e-05
2.9722e-04
-3.9090e-05
2.8377e-04
-3.6569e-05
5.0560e-04
-1.7910e-05
5.0526e-04
-2.5067e-05
3.8255e-05
1.7453e-05
4.2329e-05
1.8497e-05
3.7495e-05
1.6211e-05
4.7802e-05
2.0828e-05
1.9034e-05
6.2809e-06
3.3825e-04
1.4886e-05
4.1468e-05
-1.3523e-07
4.1541e-05
4.6956e-07
3.7560e-05
7.0779e-07
4.1555e-05
1.1005e-06
3.7485e-05
1.2862e-06
4.1463e-05
1.7348e-06
4.8119e-04
2.2591e-05
5.0157e-04
2.7518e-05
4.7928e-04
3.1084e-05
2.1821e-04
4.0333e-05
2.2986e-04
3.8857e-05
4.4021e-04
3.3285e-05
8.7519e-05
3.3062e-05
9.3724e-05
3.5120e-05
1.5994e-05
3.9087e-06
1.0442e-04
-3.6211e-05
1.1126e-04
-3.8190e-05
2.1310e-04
-1.4767e-05
2.2435e-04
-1.3096e-05
3.2135e-04
3.8035e-05
3.3666e-04
3.5820e-05
2.2814e-05
1.3286e-05
7.2343e-06
1.5195e-06
3.7438e-05
1.8635e-06
1.6084e-05
3.0365e-06
2.2461e-04
-9.0550e-06
2.3618e-04
-1.1133e-05
1.3797e-04
-3.5140e-05
1.5270e-04
-7.4243e-06
8.5502e-06
4.6178e-06
8.6344e-06
4.4557e-06
1.1738e-05
5.9440e-06
8.6509e-06
4.2727e-06
1.1752e-05
5.6909e-06
8.7163e-06
4.1182e-06
1.1804e-05
5.4650e-06
8.7831e-06
3.9709e-06
1.1841e-05
5.2489e-06
8.8659e-06
3.8362e-06
1.1977e-05
5.0847e-06
8.9618e-06
3.7110e-06
8.4001e-06
4.7491e-06
5.4687e-04
2.9441e-05
7.0335e-05
7.7006e-06
4.1329e-05
2.3656e-06
3.7368e-05
2.4432e-06
4.1293e-05
3.0045e-06
3.7261e-05
3.0289e-06
4.0162e-05
2.1799e-05
4.0982e-05
2.3014e-05
1.6910e-04
7.5147e-06
1.1060e-04
-3.6075e-05
1.5553e-05
7.7797e-07
5.7256e-05
1.7882e-05
5.1951e-05
1.1953e-05
5.5123e-06
-1.8486e-06
2.5677e-05
-1.4913e-06
4.1205e-05
3.6424e-06
3.7291e-05
3.6192e-06
4.1165e-05
4.2831e-06
3.7253e-05
4.1834e-06
4.1138e-05
4.9298e-06
3.7006e-05
4.7733e-06
6.1982e-06
-1.7920e-06
3.2677e-04
-3.9695e-05
3.4172e-04
-3.7424e-05
7.3212e-05
1.9158e-05
6.7483e-05
1.7401e-05
1.4338e-04
3.2745e-05
3.1485e-04
-1.1540e-05
3.0012e-04
-1.3863e-05
1.1299e-05
-3.9752e-06
8.6379e-06
-3.1012e-06
7.6498e-05
1.0301e-07
9.3268e-05
3.3274e-05
9.9555e-05
3.5349e-05
9.9367e-05
3.3713e-05
1.0016e-04
3.7291e-05
1.0614e-04
3.7419e-05
1.0742e-04
3.9826e-05
1.1406e-04
3.9505e-05
4.9525e-05
-5.3170e-06
1.5020e-05
1.8541e-06
1.7154e-04
-7.4672e-06
6.4398e-05
-3.0942e-05
6.9479e-05
-3.1694e-05
6.8834e-05
-3.0177e-05
7.4311e-05
-3.2269e-05
4.0950e-05
-4.5618e-06
1.4355e-04
3.9039e-05
1.0485e-04
-1.5653e-05
1.1227e-04
1.9031e-05
6.9489e-06
4.7194e-07
7.8934e-05
2.0999e-05
1.4416e-04
4.1275e-05
1.4990e-04
4.3474e-05
1.8853e-04
7.7056e-06
1.9874e-04
9.4737e-06
5.5601e-05
-1.1090e-05
8.7017e-05
-3.5763e-05
7.1869e-06
5.5245e-08
6.4305e-06
-1.6662e-06
1.1778e-04
-3.7988e-05
1.1689e-04
-3.5818e-05
1.1827e-04
-4.0275e-05
8.9076e-05
3.6844e-05
4.5665e-05
1.5737e-06
1.2729e-04
2.8951e-05
2.3585e-04
-1.5323e-05
2.4805e-04
-1.3557e-05
2.4832e-04
-9.1097e-06
2.6058e-04
-1.1337e-05
1.4183e-04
1.4863e-05
7.0750e-06
3.1398e-07
6.5306e-06
9.2892e-07
7.1482e-06
1.9132e-06
7.1034e-06
2.0056e-06
1.4442e-05
6.5437e-06
2.3017e-04
3.4874e-05
2.4190e-04
3.6778e-05
6.9831e-05
-7.8576e-06
1.6948e-04
4.2066e-05
7.3204e-06
1.3412e-06
7.2283e-06
1.2328e-06
1.2013e-05
-1.2656e-06
8.7675e-06
-9.7438e-07
2.4128e-04
4.0924e-05
2.5349e-04
3.9118e-05
3.8311e-05
8.7904e-06
1.9828e-04
1.2857e-05
2.0941e-04
1.1457e-05
6.7500e-06
-1.1689e-06
6.7423e-06
-1.2620e-06
6.7546e-06
-1.0828e-06
9.3668e-06
-1.4383e-06
6.5590e-06
-9.6958e-07
9.2786e-06
-1.3105e-06
6.5871e-06
-1.6126e-06
8.6032e-06
5.6036e-06
8.3587e-06
5.2143e-06
8.6650e-06
5.9160e-06
4.0904e-04
-2.8359e-05
4.0546e-04
-3.4492e-05
6.8547e-06
-5.5517e-07
6.9505e-06
-4.7573e-07
4.6976e-05
1.4013e-05
1.0330e-04
1.5488e-05
9.5366e-05
1.3815e-05
1.3115e-04
-4.1154e-05
1.3762e-04
-4.2886e-05
3.3544e-05
2.5215e-06
6.7721e-06
6.2895e-07
6.3392e-05
2.9984e-05
6.2803e-05
2.8432e-05
6.4515e-05
3.1497e-05
2.0941e-04
7.5124e-06
2.1933e-04
1.0132e-05
5.9601e-05
-1.2327e-05
5.2808e-06
2.8889e-06
3.2242e-04
1.2119e-05
3.0786e-04
1.5026e-05
7.0093e-06
-3.1544e-07
7.0366e-06
-2.3739e-07
4.4285e-04
-3.5282e-05
4.6066e-04
-3.8819e-05
4.8640e-04
-3.6512e-05
6.4414e-05
-5.5345e-06
9.7212e-06
-2.5938e-07
6.8174e-06
-1.4330e-07
7.0470e-05
-3.3296e-05
1.8452e-05
-4.4862e-06
5.0795e-06
3.2025e-06
2.1950e-04
3.0105e-05
2.6029e-04
-1.5831e-05
2.7331e-04
-1.3621e-05
2.7363e-04
-9.1443e-06
6.6434e-06
-9.0320e-07
9.5640e-06
-1.2303e-06
1.2061e-05
-1.6250e-06
6.3571e-06
-7.8642e-07
4.2046e-04
3.6002e-05
2.5441e-04
3.4395e-05
2.6602e-04
3.7279e-05
2.6515e-04
4.1491e-05
2.7824e-04
3.9463e-05
1.9178e-04
-7.2011e-06
2.2046e-04
1.3678e-05
2.3146e-04
1.0711e-05
3.2861e-04
-9.8079e-06
3.4542e-04
-1.1492e-05
4.4098e-06
1.2104e-06
1.5002e-04
9.1606e-06
4.6202e-05
1.9367e-05
3.0179e-04
-9.3014e-06
3.5422e-05
5.7943e-06
6.7931e-06
8.0177e-07
2.9215e-05
-1.9117e-06
1.3468e-04
2.8397e-05
1.2938e-05
8.9030e-06
2.3220e-04
1.5555e-05
2.4396e-04
1.3430e-05
6.7286e-06
-1.3492e-06
1.4110e-05
-4.8387e-06
1.8698e-05
-1.5633e-06
6.3489e-06
9.8859e-07
4.4933e-06
-8.1237e-07
6.9559e-05
-9.0152e-06
5.9195e-06
-6.1963e-07
2.4546e-04
8.8635e-06
2.5657e-04
1.1415e-05
2.5635e-04
1.5824e-05
2.6891e-04
1.3721e-05
5.4326e-06
2.7296e-06
4.5380e-05
3.7049e-06
1.4926e-05
7.3886e-06
1.1243e-04
3.6967e-05
1.2002e-04
3.9191e-05
1.3595e-04
3.9937e-05
5.9607e-04
2.2920e-05
6.0103e-04
1.4378e-05
5.9248e-04
3.0442e-05
2.7202e-05
1.5956e-05
1.3238e-04
1.5767e-05
1.3141e-04
1.8117e-05
3.0566e-04
4.1130e-05
3.5659e-05
5.1498e-06
3.7982e-06
-9.5967e-07
1.4159e-05
-5.1123e-06
7.0933e-05
-1.1491e-05
6.4263e-06
-1.4740e-06
7.0591e-06
-4.0127e-07
2.0767e-04
1.5803e-05
2.4891e-05
1.5984e-05
2.8376e-05
1.7608e-05
2.1217e-05
1.4054e-05
4.0989e-05
-5.9464e-06
3.6591e-05
-5.0732e-06
3.6912e-05
-5.7549e-06
3.2734e-05
-4.8751e-06
3.2534e-05
-4.3405e-06
3.2787e-05
-5.3973e-06
5.1263e-05
1.5851e-05
2.7927e-04
3.5081e-05
3.0051e-05
1.8927e-05
3.3151e-05
2.0277e-05
4.0671e-05
5.5534e-06
3.3093e-05
1.4132e-06
1.5345e-04
-3.2689e-05
5.7257e-06
2.6330e-06
2.8270e-04
-4.1248e-05
2.6987e-04
-3.8612e-05
2.7062e-04
-3.4080e-05
2.5733e-04
-3.6245e-05
2.5681e-04
-4.0420e-05
2.4469e-04
-3.8151e-05
2.4425e-04
-3.3047e-05
2.3277e-04
-3.5680e-05
2.3238e-04
-3.9856e-05
2.2116e-04
-3.7590e-05
2.2040e-04
-4.1295e-05
2.1018e-04
-3.9205e-05
2.1071e-04
-3.5385e-05
2.3129e-04
-3.1629e-05
5.8918e-05
2.3602e-05
5.3863e-05
2.2743e-05
4.5267e-05
4.9589e-06
5.6789e-05
1.6551e-05
7.1604e-05
-1.2911e-05
7.7020e-05
-1.1183e-05
8.2585e-05
5.4492e-06
7.5943e-05
4.6030e-06
7.5308e-05
2.9807e-06
6.9655e-05
3.8223e-06
7.0054e-05
5.0210e-06
7.0451e-05
6.3970e-06
3.5016e-05
6.2890e-06
3.3219e-05
-1.5394e-06
9.5303e-06
-1.8485e-06
4.2675e-05
9.2724e-06
9.5292e-05
1.1892e-05
8.8690e-05
1.2127e-05
8.2239e-05
1.0556e-05
7.5265e-05
1.0277e-05
8.0292e-05
1.1954e-05
4.6099e-04
1.0889e-05
7.3230e-05
1.7713e-05
1.5367e-05
-4.3282e-06
2.7303e-04
-1.8714e-05
2.4591e-04
-1.8602e-05
6.3482e-04
-5.1681e-06
5.8312e-06
2.4688e-06
5.4212e-06
2.1950e-06
6.1872e-05
1.7008e-05
2.0223e-04
-5.0771e-06
1.7947e-04
-4.9789e-06
8.9670e-06
3.5548e-06
6.2312e-06
2.4079e-06
5.0080e-04
3.5087e-05
4.7794e-04
3.8658e-05
5.2002e-04
3.8258e-05
2.5748e-05
-5.8665e-06
9.5663e-05
-9.2224e-07
8.9105e-05
-1.7059e-06
9.5940e-05
-2.7715e-06
1.6008e-04
3.0863e-05
3.3522e-06
1.3185e-06
8.8531e-05
-3.5967e-06
1.2163e-05
1.8891e-06
1.5096e-05
2.2442e-06
1.0231e-04
1.1404e-05
8.9004e-05
6.6789e-06
6.7268e-05
1.5812e-05
1.4243e-04
3.6051e-05
9.2026e-06
3.4761e-06
6.6431e-06
2.4418e-06
6.7060e-06
2.3485e-06
9.4260e-06
3.2204e-06
6.7667e-06
2.2579e-06
6.6532e-06
2.1154e-06
9.1780e-06
2.8106e-06
6.0470e-06
1.8293e-06
9.8091e-06
2.8396e-06
3.6230e-05
-4.3987e-06
1.1912e-04
1.8573e-05
2.0944e-04
-4.2805e-05
1.9945e-04
-4.0762e-05
1.9903e-04
-4.4353e-05
6.0677e-04
-2.9924e-05
6.0530e-04
-3.9086e-05
5.8149e-04
-3.3896e-05
5.8022e-04
-2.4973e-05
5.5319e-04
-2.8963e-05
4.4805e-06
7.9087e-07
7.0751e-06
3.9971e-07
7.0157e-06
5.6181e-07
6.8661e-06
7.2142e-07
9.1102e-06
6.4727e-06
6.6411e-06
8.6719e-07
3.7006e-06
5.0646e-07
1.9412e-05
2.3659e-06
1.9279e-05
1.7698e-07
1.9445e-05
-6.9714e-06
1.5567e-05
-2.5543e-06
1.9117e-05
2.8984e-06
9.3265e-06
-4.3981e-06
6.0719e-06
-2.9083e-06
6.1947e-06
-2.8488e-06
6.2325e-06
-2.7477e-06
8.7058e-06
-3.7440e-06
6.6121e-06
-2.7504e-06
6.6066e-06
-2.6465e-06
4.1531e-06
-1.7013e-06
7.3508e-06
1.4457e-06
4.7835e-06
9.7468e-07
7.8375e-05
-1.4517e-05
7.2370e-06
1.6228e-06
5.9444e-06
-2.9650e-06
5.7191e-06
-2.9915e-06
8.9347e-06
-4.8088e-06
1.0455e-04
-1.3594e-05
4.8875e-05
7.3520e-06
5.7433e-06
2.5349e-06
2.6464e-05
8.9948e-06
1.8365e-05
-4.7492e-06
6.6375e-06
-6.1853e-07
1.8927e-05
7.6934e-06
1.5555e-05
6.1582e-06
6.4455e-06
-1.7661e-06
2.7026e-04
8.6635e-06
2.8194e-04
1.1473e-05
2.8173e-04
1.6080e-05
3.8773e-05
1.4848e-05
3.8385e-05
1.5611e-05
1.1825e-05
-1.4023e-06
2.9599e-04
-4.3751e-05
1.5919e-05
-3.8846e-07
1.2305e-05
-2.2104e-07
1.5136e-04
3.5137e-05
7.1889e-06
-2.7760e-08
6.5932e-05
-4.4996e-06
6.7365e-05
-1.4616e-05
5.2521e-05
-1.4938e-05
5.2833e-05
-1.6144e-05
5.7915e-05
-1.7924e-05
5.2848e-05
-1.7282e-05
4.7848e-05
-1.5412e-05
5.8418e-05
-1.9316e-05
5.3172e-05
-1.8533e-05
6.3042e-05
-1.9793e-05
5.8584e-05
-2.0558e-05
5.3503e-05
-1.9809e-05
4.8367e-05
-1.7770e-05
4.8815e-05
-1.8996e-05
4.2966e-05
-1.5767e-05
4.7010e-05
-1.6309e-05
4.2798e-05
-1.4357e-05
4.3551e-05
-1.3698e-05
3.8879e-05
-1.2714e-05
3.9450e-05
-1.2089e-05
3.8246e-05
-1.3311e-05
3.5148e-05
-1.1168e-05
4.3472e-05
-1.2756e-05
3.6082e-05
-1.0740e-05
3.8553e-05
-1.4907e-05
1.3040e-04
-3.5805e-05
7.2476e-06
1.8317e-06
4.2916e-06
1.0577e-06
8.0008e-05
2.4028e-05
3.3744e-05
-7.4748e-06
3.3521e-04
4.1040e-05
3.5150e-04
3.9283e-05
3.6681e-04
4.2567e-05
3.6890e-04
3.7157e-05
1.6968e-04
4.2010e-06
1.2326e-05
-6.5194e-06
1.2053e-05
-6.6722e-06
8.6632e-06
-4.8795e-06
1.1688e-05
-6.7775e-06
8.4082e-06
-4.9426e-06
1.1492e-05
-6.9620e-06
7.9512e-06
-4.8787e-06
1.1315e-05
-7.1604e-06
1.4917e-05
-9.2348e-06
1.5008e-05
-9.6831e-06
1.8740e-05
-1.1732e-05
1.1191e-05
-7.3879e-06
1.9089e-05
-1.2380e-05
2.2835e-05
-1.4319e-05
2.3339e-05
-1.5035e-05
2.7219e-05
-1.6964e-05
2.7198e-05
-1.7370e-05
5.2258e-06
-2.9679e-06
2.2470e-05
-1.3599e-05
9.4944e-05
1.5743e-05
3.4434e-05
1.2931e-05
4.5634e-05
-6.9348e-06
3.8688e-05
7.2456e-06
4.4226e-04
-6.8629e-06
4.2032e-04
-1.1297e-05
4.4231e-04
-1.4420e-05
4.2438e-04
-1.8576e-05
1.2553e-04
1.7869e-06
1.1627e-04
2.8800e-06
1.0924e-04
1.1331e-06
1.2536e-04
4.3462e-06
5.7754e-05
1.9325e-05
4.1546e-05
-1.9256e-06
2.2005e-05
-1.9968e-06
6.5185e-05
2.7822e-05
5.9482e-05
2.5249e-05
5.0222e-05
-1.3497e-06
4.5619e-05
-9.6695e-07
4.9474e-05
-4.2834e-07
5.8133e-06
-1.7674e-06
3.0875e-06
-9.1269e-07
5.6477e-06
-1.8039e-06
7.6791e-05
-6.6875e-06
7.8340e-05
-8.3266e-06
1.4382e-04
-8.7325e-06
1.4336e-04
-5.9246e-06
1.2705e-04
-1.1091e-05
1.1760e-04
-9.4441e-06
1.1068e-04
-1.0750e-05
1.2610e-04
-8.5440e-06
1.3476e-04
-7.2040e-06
1.7227e-04
-1.7374e-05
7.1014e-06
2.2777e-07
7.1748e-06
1.4437e-07
4.3524e-06
1.1289e-07
1.9277e-05
7.1173e-07
1.9295e-05
1.5303e-06
1.9269e-05
1.7921e-06
1.5944e-05
1.5976e-06
1.5795e-05
1.1634e-06
3.7538e-06
-8.3813e-07
1.9248e-05
-6.1452e-06
1.9673e-05
-5.9177e-06
2.2128e-04
-3.3761e-05
2.1160e-04
-3.2003e-05
2.3033e-05
4.7105e-06
2.3039e-05
5.0933e-06
1.9408e-05
4.4762e-06
1.9564e-05
3.8453e-06
6.3382e-04
1.5066e-05
1.5568e-05
-8.8157e-06
1.4581e-04
-3.4245e-05
1.3782e-04
-3.2638e-05
2.6544e-05
7.4436e-06
2.2832e-05
6.2364e-06
2.6414e-05
7.9009e-06
2.2717e-05
7.0740e-06
2.2976e-05
5.8767e-06
5.8355e-05
-4.8580e-06
5.3891e-05
-5.1049e-06
2.2758e-05
8.0298e-06
7.0977e-05
2.0575e-06
7.0740e-05
7.3017e-07
1.6346e-04
-3.1801e-05
9.2636e-05
2.4049e-05
9.2550e-05
2.2024e-05
2.6403e-04
-4.6834e-05
2.1047e-04
4.7015e-05
1.1238e-04
4.2511e-05
1.0475e-04
-4.1617e-05
5.8786e-05
-2.1868e-05
9.7137e-06
-6.1041e-07
9.3289e-06
-2.2099e-06
1.6954e-04
2.9653e-05
3.8352e-04
1.0444e-05
3.6651e-04
1.1935e-05
4.0256e-04
1.3222e-05
4.2117e-04
1.0021e-05
2.4404e-04
-4.2816e-05
3.5128e-04
8.0269e-06
4.0349e-04
-6.6952e-06
3.8615e-04
-9.1656e-06
3.6873e-04
-5.8889e-06
3.6809e-04
-1.1661e-05
1.1001e-04
-9.4575e-07
2.2469e-04
-4.8849e-06
1.6076e-04
-3.5140e-06
1.1773e-05
7.1894e-06
7.9445e-06
4.7093e-06
1.1695e-05
6.8150e-06
2.6018e-05
-6.3690e-06
2.5840e-04
-3.1269e-05
1.1167e-04
-1.2907e-05
1.0392e-04
-1.1529e-05
2.8472e-04
-3.1720e-05
7.9922e-05
-3.1509e-05
8.0565e-05
-3.3363e-05
8.1642e-05
-3.5420e-05
1.1047e-04
-7.4323e-06
9.9587e-05
3.0058e-05
1.0652e-04
3.2265e-05
1.0275e-04
1.8155e-08
2.2773e-05
-9.2398e-06
2.2782e-05
-9.7319e-06
2.6606e-05
-1.1605e-05
2.6595e-05
-1.2229e-05
3.0546e-05
-1.4256e-05
2.6628e-05
-1.2883e-05
2.2544e-05
-1.0729e-05
3.0628e-05
-1.5027e-05
3.4946e-05
-1.6516e-05
2.6946e-05
-1.3744e-05
1.9819e-04
4.6442e-05
3.6484e-05
-6.3761e-06
3.9285e-05
-1.7833e-05
3.9370e-05
-1.8759e-05
4.4410e-05
-2.1302e-05
1.0493e-04
4.1422e-05
1.5046e-04
1.3671e-05
8.1947e-05
-9.6215e-07
6.4465e-05
6.5247e-06
2.7376e-06
-8.9179e-07
1.9530e-05
3.5483e-06
4.0858e-04
-4.4836e-05
4.0816e-04
4.5133e-05
3.9777e-04
3.9422e-05
3.6770e-04
-4.5227e-05
3.2835e-04
-4.5323e-05
2.9642e-04
4.6154e-05
2.6458e-04
4.6047e-05
2.3560e-04
4.7109e-05
2.2937e-04
4.3187e-05
2.2348e-04
-4.6997e-05
2.4983e-04
-4.6745e-05
2.1959e-05
-1.6830e-06
1.7554e-04
4.6710e-05
1.7971e-04
4.3845e-05
9.5438e-06
-3.7302e-06
6.4689e-06
-2.4766e-06
1.6507e-04
-4.6285e-05
1.2823e-04
4.4147e-05
1.3178e-04
4.2242e-05
1.1959e-04
-4.2910e-05
4.5592e-04
4.3508e-05
1.8626e-04
-4.7038e-05
1.8019e-04
-4.3943e-05
9.7915e-05
-4.0558e-05
1.4574e-04
4.5393e-05
9.0685e-05
3.8964e-05
8.4088e-05
-3.7704e-05
7.0645e-05
-4.7915e-07
7.8191e-05
3.6562e-05
7.3786e-05
3.4116e-05
8.0110e-05
3.5637e-05
6.6229e-05
3.3290e-05
6.0727e-05
-3.1779e-05
6.2220e-05
-3.1325e-05
5.5526e-05
3.0045e-05
5.1084e-05
2.7451e-05
4.6076e-05
2.5752e-05
5.0299e-05
-2.8156e-05
5.0985e-05
-2.7654e-05
5.6253e-05
-2.9267e-05
4.5364e-05
2.6200e-05
4.1259e-05
2.3867e-05
4.0417e-05
-2.4099e-05
3.6919e-05
-2.2031e-05
5.8528e-04
4.3164e-05
5.7148e-04
3.5180e-05
5.2832e-04
-4.3375e-05
5.1502e-04
-3.6744e-05
4.9055e-05
-2.2425e-05
5.4067e-05
-2.4845e-05
5.8901e-05
-2.5947e-05
6.9903e-05
-6.5903e-06
1.7065e-05
-1.1762e-05
1.3206e-05
-9.1953e-06
9.0053e-06
-6.3980e-06
8.5880e-05
1.9989e-05
2.9234e-04
3.7672e-05
2.9358e-04
3.2669e-05
2.6730e-04
3.2119e-05
2.4075e-04
3.1789e-05
1.6373e-04
-2.8588e-05
4.8114e-05
1.9131e-05
1.4487e-04
-4.4969e-05
1.5038e-04
-4.3072e-05
5.2471e-04
2.4447e-05
1.2398e-05
8.8055e-06
4.1072e-06
2.8668e-06
1.5222e-05
-1.3530e-06
1.4111e-04
1.0134e-05
5.4361e-05
-6.1074e-06
1.1972e-04
-1.9226e-05
1.1231e-04
-1.9723e-05
1.1982e-04
-2.1587e-05
1.1262e-04
-2.2413e-05
1.0431e-04
-2.0067e-05
1.0489e-04
-2.2229e-05
1.4379e-04
-1.7063e-05
1.5072e-04
-1.9110e-05
2.9674e-05
-6.4013e-06
2.8896e-05
-4.1529e-06
2.8598e-05
-3.6499e-06
2.8809e-04
7.0052e-06
5.1505e-05
-1.1648e-05
4.1243e-05
-3.8982e-06
1.5916e-04
-4.3604e-05
1.7272e-04
-2.0866e-05
1.4306e-04
2.0820e-05
1.2017e-05
4.8637e-06
3.2927e-04
4.5965e-05
2.9997e-04
-1.8975e-05
3.0884e-04
2.0210e-05
1.8877e-04
2.0110e-05
1.8810e-04
1.6924e-05
1.9195e-05
9.9855e-07
4.2891e-05
1.3939e-05
5.2764e-04
-2.1577e-05
3.8096e-06
-5.4211e-07
6.3327e-04
3.5465e-05
1.2763e-04
-2.1080e-05
1.3569e-04
-2.0333e-05
1.2194e-04
-2.4239e-05
5.6652e-05
2.9544e-05
6.3423e-05
1.3122e-05
5.8199e-05
1.2817e-05
4.2734e-06
-6.6687e-07
3.9466e-06
-3.8317e-07
1.6666e-05
1.1136e-05
1.8929e-04
-4.2276e-05
9.7780e-05
-1.3986e-05
2.3559e-04
5.8377e-06
6.4051e-05
2.4360e-05
1.5049e-05
-1.0129e-05
1.9684e-05
-1.3114e-05
4.8339e-04
7.9710e-06
4.1649e-06
1.3568e-06
1.9504e-05
5.1808e-06
1.6256e-04
-1.5318e-05
1.2457e-05
-2.5020e-06
7.7987e-06
-5.0016e-06
7.4653e-06
-4.9789e-06
5.2086e-06
2.9713e-06
2.6648e-05
1.4393e-05
1.0872e-04
-2.5663e-05
1.0160e-04
-2.3546e-05
9.4836e-05
-2.3928e-05
9.4059e-05
-2.1906e-05
8.7970e-05
-2.2128e-05
8.8635e-05
-2.4060e-05
8.2286e-05
-2.2256e-05
8.2741e-05
-2.4039e-05
7.6723e-05
-2.2105e-05
7.7101e-05
-2.3874e-05
7.1943e-05
-2.1866e-05
7.5853e-05
-2.0318e-05
7.1164e-05
-2.3465e-05
6.4178e-05
-2.1573e-05
8.3460e-05
-2.6003e-05
9.5524e-05
-2.6070e-05
3.8048e-05
-1.0025e-05
3.0211e-04
1.0079e-05
6.0763e-04
7.0541e-08
3.7860e-04
-4.0129e-05
3.5833e-04
-4.0163e-05
1.6016e-04
4.3451e-05
1.7887e-04
3.8395e-05
1.0930e-04
4.4271e-06
6.2443e-05
-1.4575e-05
6.0787e-05
-3.5708e-06
1.2795e-05
-4.0681e-07
1.7308e-04
-4.0787e-05
2.3276e-04
1.9955e-05
3.3465e-05
-1.9386e-05
3.8177e-05
-2.1973e-05
3.5051e-05
-1.7360e-05
7.3520e-05
-3.0576e-05
5.3154e-05
1.0274e-05
1.0979e-04
6.5409e-06
2.2316e-05
-5.3199e-06
8.1132e-05
2.9281e-05
4.0265e-04
-1.2534e-05
9.3012e-05
2.9821e-05
1.2071e-04
3.6812e-05
1.0590e-04
3.4162e-05
7.4388e-05
2.3788e-05
3.4408e-05
1.3687e-05
3.3746e-05
1.4147e-05
8.5684e-05
-1.9979e-05
7.3996e-05
1.6345e-05
1.9485e-05
4.8643e-06
1.9139e-05
-7.9887e-06
8.6235e-05
2.2047e-05
2.2318e-05
-1.1347e-06
3.0653e-05
4.3021e-06
1.8654e-05
9.3586e-06
4.0330e-04
3.2791e-05
1.8155e-04
-8.9902e-06
3.5823e-04
-3.0529e-05
1.6063e-05
2.5131e-07
4.6634e-05
-1.0324e-05
1.2393e-05
-1.9695e-06
2.0902e-04
2.7795e-05
7.1893e-05
-3.4912e-05
1.2626e-04
-5.7475e-06
5.0260e-05
-3.8374e-06
9.6690e-05
-8.4803e-06
4.2689e-05
1.1633e-05
3.4791e-05
-1.5629e-05
3.4267e-05
8.2664e-06
5.2386e-05
1.7361e-05
4.5831e-06
1.0560e-06
1.6022e-04
5.4961e-06
3.3688e-05
3.6055e-07
5.0774e-05
-9.8095e-06
1.5331e-05
6.3672e-06
2.4881e-04
-4.7951e-06
1.7914e-04
2.1751e-05
2.7791e-06
-1.8693e-06
1.5560e-05
-2.1030e-06
3.1958e-05
-1.9683e-05
1.5098e-05
-1.6509e-06
6.1786e-05
1.5715e-05
6.0604e-05
1.4344e-05
1.2708e-04
3.9114e-05
1.2024e-04
2.9450e-05
1.1960e-04
2.7172e-05
7.5609e-05
-3.4088e-05
2.5680e-06
-1.3359e-06
2.9737e-06
-1.8666e-06
2.6558e-06
-1.5374e-06
2.6871e-04
1.8282e-05
2.6944e-06
-1.2989e-06
2.9849e-06
-1.3383e-06
2.6503e-06
1.2312e-06
3.4255e-05
1.6321e-05
2.8401e-06
1.2243e-06
2.4697e-06
-9.1293e-07
2.3335e-06
8.2290e-07
2.2370e-06
7.0158e-07
4.6264e-05
-2.5985e-05
2.5508e-06
-5.4058e-07
2.1575e-04
4.3835e-05
2.4244e-06
4.0206e-07
2.3780e-06
-2.8855e-07
2.3521e-06
2.5532e-07
2.3650e-06
2.1254e-07
2.2700e-06
-1.7887e-07
2.3300e-06
-1.3239e-07
2.3188e-06
1.5700e-07
2.4602e-06
-8.8802e-08
2.3422e-06
1.0815e-07
2.3427e-06
-3.7509e-08
2.3682e-06
1.3602e-08
9.3701e-05
-3.8191e-05
4.4015e-04
1.3638e-05
2.3024e-05
7.6347e-06
4.1931e-05
-2.3125e-05
1.6151e-04
-1.8968e-05
2.3651e-04
-6.9380e-06
3.6923e-04
3.1574e-05
6.5693e-05
-1.2998e-05
2.2902e-05
6.6408e-06
5.7301e-06
2.7482e-06
4.7410e-05
1.0580e-05
1.2753e-04
1.9985e-05
2.0237e-04
-1.9831e-05
2.1331e-04
-7.1187e-06
1.8030e-05
8.1495e-06
3.5653e-04
1.6977e-05
1.4313e-04
3.0086e-05
1.5151e-04
3.1975e-05
1.1187e-04
-4.0363e-05
4.1602e-05
-2.4100e-05
1.1633e-04
-3.1921e-05
1.5911e-05
4.5173e-07
2.2410e-04
-1.6929e-05
2.9617e-05
-5.8181e-06
2.7947e-05
-5.1464e-06
2.3287e-06
6.6532e-07
3.8810e-04
1.7251e-05
1.5098e-05
-4.0183e-06
2.5619e-04
2.0298e-05
3.0906e-05
5.3160e-06
1.8622e-05
-4.2481e-06
6.8432e-05
1.0921e-05
2.6115e-05
-4.5768e-07
1.5035e-05
-8.9236e-06
1.6141e-05
4.1795e-06
4.8401e-04
-2.8594e-05
2.3217e-05
1.4085e-05
1.6953e-04
-4.3799e-05
9.9939e-05
3.9130e-05
3.9550e-05
2.0680e-05
2.2606e-05
1.2615e-05
4.7649e-05
-1.3293e-05
2.9802e-05
1.2844e-05
5.6672e-05
1.5346e-05
5.4850e-06
-1.9172e-06
1.9165e-04
-3.8078e-05
9.7772e-05
-3.4239e-05
6.4200e-05
3.1993e-06
1.9843e-04
3.2532e-05
1.9166e-04
-3.1487e-05
3.0241e-05
-1.0823e-05
3.4204e-05
-1.2395e-05
1.4179e-05
-4.6090e-06
4.5758e-05
8.4742e-07
1.4523e-05
-4.3327e-06
2.9571e-05
-9.5056e-06
4.9988e-05
2.1290e-06
8.1510e-05
3.0984e-05
5.3991e-04
-3.6426e-05
2.6902e-05
1.5163e-05
6.3365e-05
9.7040e-06
3.4578e-05
-1.1733e-05
6.4313e-05
4.2710e-06
1.1291e-04
2.7753e-05
6.5096e-05
1.1906e-06
3.0057e-05
1.1673e-05
1.4961e-05
2.0407e-06
7.0563e-05
9.0763e-06
2.5321e-05
-4.2489e-06
1.6954e-04
2.0050e-05
2.9986e-05
3.3829e-06
2.9829e-05
2.5216e-06
2.9926e-05
5.1790e-07
1.6001e-05
3.2375e-06
1.6115e-05
2.8249e-06
1.5885e-05
2.5627e-06
2.0228e-04
-1.6316e-05
3.4422e-04
-1.6971e-05
1.8884e-05
-1.0723e-06
1.2444e-04
1.1700e-05
1.9178e-05
-8.4125e-06
1.8514e-05
5.8013e-06
2.9844e-05
-8.5174e-06
6.2864e-05
-1.8418e-05
1.3538e-04
-1.7828e-05
3.8459e-05
1.0934e-05
6.5377e-05
-1.0259e-06
1.5063e-04
3.5834e-06
1.4871e-05
7.0392e-06
9.5430e-05
2.5292e-06
1.9018e-05
6.6083e-06
1.5117e-05
7.8170e-06
3.8408e-05
1.2319e-05
1.2282e-04
4.1677e-05
2.1957e-05
-4.1845e-06
9.6814e-05
-1.0231e-05
1.2098e-05
-1.7776e-06
4.6356e-05
-9.4708e-06
3.4067e-05
7.6613e-06
1.9381e-05
5.4571e-06
5.0567e-04
-1.0550e-05
5.5167e-04
5.2877e-06
2.8689e-04
-1.1497e-05
3.7136e-05
-3.7948e-06
5.1464e-06
3.1084e-06
7.9484e-05
-2.9727e-05
1.0959e-04
-3.2067e-05
4.7481e-05
2.1815e-05
1.0523e-04
-1.7858e-05
6.0008e-05
-9.1381e-06
3.9806e-04
-4.0019e-05
9.7146e-05
-3.2228e-05
1.6025e-04
2.7532e-05
1.9195e-04
-2.8155e-05
1.9852e-04
2.9120e-05
3.3758e-04
3.0689e-05
1.9745e-05
4.2081e-06
9.4130e-05
3.6955e-05
3.5338e-05
-1.8314e-05
3.2786e-04
-2.9671e-05
2.6665e-05
-1.7349e-05
8.0679e-05
1.3637e-05
1.0527e-04
1.9628e-05
5.7026e-05
2.6100e-05
4.5623e-05
2.4706e-05
3.6528e-05
2.1269e-05
4.4441e-05
2.3169e-05
1.8495e-05
-1.1143e-05
4.7634e-04
-4.4011e-05
3.0043e-05
1.4231e-05
2.3811e-05
-1.3819e-05
1.5474e-05
3.5672e-06
2.5348e-06
-8.6090e-07
1.5981e-04
8.8214e-06
5.2393e-04
-3.0068e-05
2.6130e-04
-6.9683e-06
5.0199e-05
1.3117e-06
1.7900e-04
6.0132e-06
2.1844e-06
1.0935e-06
1.3756e-04
-2.2960e-05
6.2825e-06
-3.4340e-06
2.8654e-04
-1.6356e-05
2.8157e-04
2.0571e-05
2.1676e-05
1.4527e-05
3.8149e-05
8.1335e-06
4.7957e-05
-1.4377e-05
3.4260e-05
-1.3122e-05
7.3837e-05
2.2158e-05
2.9652e-05
-7.2868e-07
2.2994e-05
-1.0371e-05
2.5242e-04
4.3074e-05
2.6839e-04
-4.2837e-05
3.1806e-04
7.3970e-06
2.8938e-05
-4.5806e-06
9.3581e-06
1.5096e-06
3.0291e-05
-1.8204e-05
3.9825e-05
-1.1475e-05
3.2964e-05
-1.9416e-06
1.5475e-04
-2.9527e-05
1.4290e-04
-3.2985e-06
2.6466e-05
-1.6031e-05
7.6896e-06
-5.5568e-06
4.5253e-04
-4.4732e-05
9.7219e-05
-1.5689e-05
6.4427e-05
7.6802e-06
2.8829e-04
4.2354e-05
5.2611e-05
1.1082e-05
1.3261e-04
1.3302e-05
6.1433e-06
3.2264e-06
9.6702e-05
-1.9239e-05
2.2975e-04
-4.3651e-05
3.3554e-05
3.5276e-06
5.5754e-06
-2.0404e-06
2.2939e-06
4.8305e-07
3.5556e-05
2.1870e-05
3.1050e-04
-4.1537e-05
4.2588e-05
1.7627e-05
7.0852e-05
-1.6525e-06
5.7296e-04
9.5993e-06
7.9495e-05
1.9676e-05
2.0746e-04
4.1430e-05
3.3556e-05
3.0299e-06
4.2588e-04
-2.5227e-05
2.7461e-04
-4.7223e-06
1.5808e-05
9.6394e-07
1.0194e-04
1.7715e-06
5.2351e-04
3.1877e-05
4.2574e-05
1.2396e-05
4.2109e-04
1.6464e-05
5.7874e-04
-4.2216e-05
9.0880e-06
-3.3937e-06
5.2919e-04
-1.4570e-05
1.8975e-04
4.5657e-06
6.8699e-05
3.2111e-05
6.8599e-05
-2.8682e-05
6.4864e-05
-9.1279e-06
1.7877e-04
1.8557e-05
3.5290e-04
3.3813e-05
3.4239e-04
-3.2544e-05
8.3799e-05
-2.4010e-06
1.8475e-05
-8.8751e-06
1.5365e-05
1.7167e-06
2.5650e-04
7.3845e-06
3.7386e-04
-1.7047e-05
3.3905e-05
8.9905e-07
1.0505e-04
1.7695e-05
2.4427e-04
1.7808e-05
1.3590e-04
-4.4897e-05
1.1266e-04
2.5497e-05
2.2108e-05
-1.4094e-06
4.5994e-04
2.4150e-05
4.2445e-04
-3.1915e-05
5.0342e-06
-5.6126e-08
4.5537e-05
1.5916e-07
3.3736e-05
1.5347e-05
2.0118e-04
-3.3446e-05
1.3436e-04
3.5623e-05
2.3151e-05
-1.1607e-05
5.2150e-06
-6.0573e-07
4.5576e-04
3.0404e-05
5.0806e-05
-2.6683e-05
2.1019e-06
1.1313e-06
4.5375e-05
2.2439e-06
4.6094e-04
1.7542e-05
1.5525e-04
4.6237e-05
8.8318e-05
1.3802e-05
3.8433e-04
3.5156e-05
4.1459e-05
-1.2938e-06
8.7070e-05
3.1309e-05
1.0383e-04
-3.4207e-05
2.9366e-04
1.4203e-05
4.7189e-06
1.0238e-06
4.2156e-04
-3.8841e-05
5.3412e-05
-2.0987e-05
4.8534e-06
1.4143e-06
2.9470e-04
1.8335e-05
2.0081e-04
-3.6967e-05
4.4506e-05
6.4207e-06
1.5204e-04
-4.7487e-06
1.2317e-04
-3.3774e-05
1.4813e-05
6.4341e-06
2.1874e-06
-4.1180e-07
2.8867e-04
-6.9808e-06
2.1301e-04
-1.8336e-05
3.3316e-05
-1.0705e-06
1.9569e-06
-5.5772e-07
4.5233e-05
-4.6142e-06
3.3672e-05
1.9857e-06
2.9003e-05
1.2612e-06
4.5957e-06
-2.8703e-07
2.5350e-05
-3.5147e-06
4.5813e-04
3.6613e-05
2.5498e-06
1.4241e-06
1.9761e-04
-4.7357e-05
4.7808e-04
4.5101e-05
2.1570e-06
-1.2034e-06
3.3595e-05
4.0115e-06
5.1302e-05
2.2676e-05
1.7690e-04
4.0938e-05
2.9869e-05
2.0788e-06
1.3030e-04
-3.3513e-05
3.9604e-05
-1.9716e-05
1.4116e-04
1.2391e-05
7.0325e-05
-1.0187e-05
7.6962e-05
3.3750e-05
6.7552e-05
-2.0120e-05
9.8197e-05
-2.1087e-05
4.6209e-06
2.8832e-07
1.0674e-05
-7.3204e-06
3.7314e-05
-1.4982e-06
4.3840e-04
3.9276e-05
4.5565e-05
3.0234e-06
5.1060e-05
-1.0726e-05
2.3931e-06
4.7460e-07
1.9773e-04
6.5571e-06
1.9017e-04
4.4298e-05
2.0841e-04
3.1230e-05
2.5502e-05
-1.8053e-06
5.0073e-05
3.8605e-06
3.0413e-04
-4.7460e-06
1.2422e-04
-3.9581e-05
1.0322e-04
-9.6466e-06
2.1276e-06
8.1285e-07
5.4064e-05
2.7777e-05
2.1355e-04
-2.8721e-05
4.9479e-06
9.4181e-07
3.3984e-05
6.6111e-06
4.4466e-06
-8.6004e-07
1.1165e-04
1.7051e-05
4.5123e-05
5.6802e-06
4.8566e-06
5.5422e-09
1.2555e-04
-4.1898e-05
4.9820e-05
5.6564e-06
2.0204e-04
-3.0117e-05
3.8292e-05
-1.4039e-05
2.5069e-06
1.5093e-06
7.9250e-05
2.2418e-05
4.0836e-04
-2.2504e-05
2.0845e-06
-5.4697e-07
1.2242e-04
-3.7512e-05
3.2038e-04
4.2501e-05
7.5479e-05
-1.0597e-06
2.4858e-05
-3.1451e-06
4.7936e-06
7.8904e-07
9.2820e-05
3.1503e-05
1.1954e-04
2.5064e-05
2.2375e-04
-2.0260e-05
1.0999e-04
-3.4058e-05
5.5101e-06
-3.2831e-06
3.1370e-05
-1.9843e-05
1.2970e-04
-3.1146e-05
8.7125e-05
-3.7265e-05
1.6237e-05
-6.0286e-06
1.4027e-04
4.2934e-05
1.7849e-04
1.5478e-05
1.8768e-06
3.2979e-07
1.4239e-04
-1.9210e-05
4.4437e-05
4.2544e-06
1.6136e-04
-6.1866e-06
3.3974e-04
-4.1838e-05
3.5462e-04
-3.5044e-05
6.1365e-05
3.1092e-05
5.0292e-04
-3.1397e-05
6.8501e-05
9.8350e-06
5.4299e-04
3.6974e-05
2.2004e-06
3.1991e-07
5.5870e-05
1.3222e-05
6.2935e-05
-2.3622e-05
6.3745e-05
-2.8042e-05
9.1490e-05
1.6746e-05
4.8893e-06
6.5847e-08
2.1599e-06
5.1071e-07
2.6161e-06
1.7624e-06
1.5436e-04
-4.1419e-05
4.5176e-06
-2.3387e-07
5.1082e-06
1.3300e-06
4.7379e-06
2.3993e-07
3.3581e-04
-5.9391e-06
9.4339e-05
3.8497e-05
5.2942e-04
4.4266e-05
4.1417e-05
-6.8625e-07
3.6755e-05
2.1959e-05
1.0607e-04
-4.0154e-05
2.1481e-04
4.5393e-06
1.7177e-05
1.1724e-05
1.6916e-04
-4.9015e-06
4.9686e-05
-4.5579e-06
4.6838e-06
3.4628e-07
4.2518e-06
-1.6665e-06
6.2911e-04
-4.2439e-05
4.8264e-06
1.8559e-07
1.7643e-05
-4.7805e-06
1.1536e-04
4.1420e-05
1.7807e-06
4.4136e-07
5.3602e-06
-3.3299e-06
4.6449e-06
-1.8883e-07
1.5610e-05
6.2133e-07
8.5380e-05
3.6891e-05
3.5387e-04
-7.5903e-06
1.2651e-04
2.6757e-05
4.4469e-06
1.6720e-06
2.1872e-04
3.3266e-05
4.6369e-06
-1.3738e-07
2.5176e-05
-4.5559e-06
4.3297e-05
-2.1673e-05
2.8875e-05
-2.2238e-06
4.2566e-06
-8.6912e-08
1.3812e-04
-3.0476e-05
2.4155e-04
4.4261e-05
1.8379e-06
5.0187e-07
5.5179e-05
-1.1833e-05
2.1248e-06
1.3217e-06
3.8066e-04
3.9869e-05
2.9997e-05
-3.4568e-06
1.4818e-04
1.1460e-05
1.7616e-06
4.5527e-08
3.1470e-05
-5.6353e-06
2.5674e-04
-4.4027e-05
4.2440e-05
1.3118e-05
4.6330e-06
-3.4369e-07
1.7141e-05
-1.1703e-05
2.0568e-06
2.6629e-07
6.9110e-05
3.3262e-05
6.2309e-05
-2.2282e-05
6.6568e-05
-3.2584e-05
3.1688e-04
-7.2104e-06
9.9523e-05
3.1952e-05
4.8505e-06
4.1934e-07
2.3406e-04
-1.8549e-05
2.2345e-06
-9.3067e-07
6.4018e-04
4.3292e-05
1.8782e-04
1.3995e-05
3.3616e-04
9.9517e-06
5.9609e-04
6.2364e-06
4.3644e-06
-1.1636e-06
2.0594e-04
4.4315e-05
2.7487e-05
1.6673e-05
1.1627e-04
-3.3863e-05
2.7545e-04
4.3181e-05
4.3340e-06
6.3785e-07
2.1400e-06
-8.5610e-07
5.6923e-06
3.8731e-06
3.7380e-06
2.6464e-06
6.7642e-05
2.9841e-05
4.6390e-05
-2.5342e-05
4.3187e-06
-1.0266e-06
2.2332e-04
6.9743e-06
2.2925e-04
3.1630e-05
1.7349e-05
2.2497e-06
2.9534e-04
-4.7697e-05
3.5156e-04
1.2636e-05
4.1615e-05
-1.4689e-05
4.7562e-06
5.3122e-07
1.9308e-06
-3.4031e-07
5.3483e-06
-3.4515e-06
4.3157e-06
5.4298e-07
7.2183e-05
-2.0558e-05
3.6641e-06
-2.5809e-06
7.2858e-05
-1.8726e-05
4.4002e-06
-3.7654e-07
2.2138e-04
-3.0672e-05
5.5436e-05
2.4396e-05
4.4977e-06
-7.5633e-07
6.0560e-05
2.6603e-05
1.5560e-04
-2.1231e-05
6.1889e-06
4.0911e-06
3.7317e-05
-1.0430e-05
6.2573e-06
-4.2969e-06
3.8930e-04
-3.6074e-05
1.3172e-04
-4.3045e-05
1.6751e-05
-5.8621e-06
1.9056e-04
-4.4923e-05
3.2315e-05
1.9437e-05
1.6983e-04
4.4571e-05
4.2670e-06
4.2251e-07
1.9638e-04
1.5645e-05
5.4192e-05
-4.4067e-06
7.9084e-05
-3.5815e-05
2.1837e-04
-4.4290e-05
1.2314e-04
-3.5695e-05
1.0900e-04
-2.3890e-05
1.3440e-04
2.6258e-05
2.0617e-06
-5.0436e-07
6.0168e-04
3.6524e-05
4.3383e-06
-8.8808e-07
3.1684e-05
2.0045e-05
3.3508e-05
4.3938e-06
6.2577e-05
-1.3569e-05
6.1369e-05
-4.4355e-06
4.9997e-06
-2.1343e-06
3.6720e-04
4.7131e-05
1.1384e-05
-4.1580e-06
3.7348e-04
1.5514e-05
3.7506e-05
7.5144e-06
3.3149e-05
-9.6085e-06
1.9682e-06
-2.9942e-07
4.6459e-06
1.6657e-06
4.4128e-06
-5.6581e-07
4.4831e-05
-4.0116e-07
4.4117e-04
-4.0557e-05
2.3704e-04
-2.9233e-05
1.1780e-04
1.6549e-05
4.9835e-05
-2.3632e-05
4.7145e-06
1.6148e-06
1.5734e-06
-2.2386e-07
1.8118e-04
-4.1583e-05
7.3957e-05
-8.7575e-06
5.9335e-05
-2.9528e-05
3.5738e-04
-1.5169e-05
7.5245e-06
-9.4392e-08
7.1651e-06
2.0986e-06
1.6818e-06
5.4682e-07
3.4296e-05
-2.0344e-05
4.2459e-06
-1.5999e-06
2.8597e-05
-4.9333e-06
3.2932e-05
1.4424e-05
2.3399e-05
-1.5343e-05
3.2164e-05
-2.2616e-06
1.7036e-05
-5.6162e-06
1.3704e-05
9.5711e-06
1.0910e-04
-9.0545e-06
4.6491e-05
1.4642e-05
6.7060e-05
-2.1297e-05
6.8645e-05
2.7807e-06
1.4119e-04
2.7896e-05
1.6147e-06
-1.6099e-07
1.3195e-05
-1.6713e-06
1.5973e-06
-3.5528e-07
1.0783e-04
2.7422e-06
6.1585e-04
8.8817e-06
8.2394e-05
-2.0905e-05
5.6122e-04
-3.6952e-05
8.2001e-05
-3.3942e-06
6.1293e-04
2.8395e-05
7.3492e-05
-7.5532e-06
1.4309e-05
-1.4175e-06
3.8845e-04
-1.4545e-05
1.4537e-04
-3.2018e-05
5.0140e-05
2.0767e-05
4.3172e-06
-1.2123e-06
7.4258e-05
-9.9779e-06
3.2458e-05
-3.9429e-06
3.2814e-05
-1.0126e-05
1.7281e-05
-5.0678e-06
5.2815e-06
3.0981e-06
2.0235e-05
-5.3926e-06
1.3699e-04
3.7590e-05
7.3349e-05
1.1044e-05
1.7448e-05
2.4991e-06
7.4927e-05
-3.4909e-05
4.0746e-04
-1.7246e-05
1.7465e-05
7.7854e-07
8.4963e-06
-1.0225e-06
4.2694e-05
-2.4090e-05
1.2542e-04
4.0570e-05
9.1771e-06
-1.6550e-07
4.1952e-04
4.1141e-05
2.6442e-04
5.1350e-06
6.1790e-04
2.0329e-05
4.5642e-06
1.4220e-06
8.2809e-05
2.2421e-05
6.3890e-05
1.4185e-05
1.2503e-04
1.8095e-05
1.7478e-05
2.0286e-06
3.2402e-05
-1.0651e-05
1.0070e-04
-3.9863e-05
2.1457e-06
8.6471e-07
1.3605e-04
1.9879e-05
1.0470e-04
3.5623e-05
1.4323e-04
-4.2240e-05
6.7010e-05
3.0556e-05
1.6534e-05
-5.1449e-06
