
 5 Elementos 
 

 
 Elemento 1 
8.0556e+07	0.0000e+00	-8.0556e+07	0.0000e+00
0.0000e+00	0.0000e+00	0.0000e+00	0.0000e+00
-8.0556e+07	0.0000e+00	8.0556e+07	0.0000e+00
0.0000e+00	0.0000e+00	0.0000e+00	0.0000e+00

 
 Elemento 2 
8.0556e+07	0.0000e+00	-8.0556e+07	0.0000e+00
0.0000e+00	0.0000e+00	0.0000e+00	0.0000e+00
-8.0556e+07	0.0000e+00	8.0556e+07	0.0000e+00
0.0000e+00	0.0000e+00	0.0000e+00	0.0000e+00

 
 Elemento 3 
8.0556e+07	0.0000e+00	-8.0556e+07	0.0000e+00
0.0000e+00	0.0000e+00	0.0000e+00	0.0000e+00
-8.0556e+07	0.0000e+00	8.0556e+07	0.0000e+00
0.0000e+00	0.0000e+00	0.0000e+00	0.0000e+00

 
 Elemento 4 
8.0556e+07	0.0000e+00	-8.0556e+07	0.0000e+00
0.0000e+00	0.0000e+00	0.0000e+00	0.0000e+00
-8.0556e+07	0.0000e+00	8.0556e+07	0.0000e+00
0.0000e+00	0.0000e+00	0.0000e+00	0.0000e+00

 
 Elemento 5 
8.0556e+07	0.0000e+00	-8.0556e+07	0.0000e+00
0.0000e+00	0.0000e+00	0.0000e+00	0.0000e+00
-8.0556e+07	0.0000e+00	8.0556e+07	0.0000e+00
0.0000e+00	0.0000e+00	0.0000e+00	0.0000e+00

 Matriz Global 
8.0556e+07	0.0000e+00	-8.0556e+07	0.0000e+00	0.0000e+00	0.0000e+00	0.0000e+00	0.0000e+00	0.0000e+00	0.0000e+00	0.0000e+00	0.0000e+00
0.0000e+00	0.0000e+00	0.0000e+00	0.0000e+00	0.0000e+00	0.0000e+00	0.0000e+00	0.0000e+00	0.0000e+00	0.0000e+00	0.0000e+00	0.0000e+00
-8.0556e+07	0.0000e+00	1.6111e+08	0.0000e+00	-8.0556e+07	0.0000e+00	0.0000e+00	0.0000e+00	0.0000e+00	0.0000e+00	0.0000e+00	0.0000e+00
0.0000e+00	0.0000e+00	0.0000e+00	0.0000e+00	0.0000e+00	0.0000e+00	0.0000e+00	0.0000e+00	0.0000e+00	0.0000e+00	0.0000e+00	0.0000e+00
0.0000e+00	0.0000e+00	-8.0556e+07	0.0000e+00	1.6111e+08	0.0000e+00	-8.0556e+07	0.0000e+00	0.0000e+00	0.0000e+00	0.0000e+00	0.0000e+00
0.0000e+00	0.0000e+00	0.0000e+00	0.0000e+00	0.0000e+00	0.0000e+00	0.0000e+00	0.0000e+00	0.0000e+00	0.0000e+00	0.0000e+00	0.0000e+00
0.0000e+00	0.0000e+00	0.0000e+00	0.0000e+00	-8.0556e+07	0.0000e+00	1.6111e+08	0.0000e+00	-8.0556e+07	0.0000e+00	0.0000e+00	0.0000e+00
0.0000e+00	0.0000e+00	0.0000e+00	0.0000e+00	0.0000e+00	0.0000e+00	0.0000e+00	0.0000e+00	0.0000e+00	0.0000e+00	0.0000e+00	0.0000e+00
0.0000e+00	0.0000e+00	0.0000e+00	0.0000e+00	0.0000e+00	0.0000e+00	-8.0556e+07	0.0000e+00	1.6111e+08	0.0000e+00	-8.0556e+07	0.0000e+00
0.0000e+00	0.0000e+00	0.0000e+00	0.0000e+00	0.0000e+00	0.0000e+00	0.0000e+00	0.0000e+00	0.0000e+00	0.0000e+00	0.0000e+00	0.0000e+00
0.0000e+00	0.0000e+00	0.0000e+00	0.0000e+00	0.0000e+00	0.0000e+00	0.0000e+00	0.0000e+00	-8.0556e+07	0.0000e+00	8.0556e+07	0.0000e+00
0.0000e+00	0.0000e+00	0.0000e+00	0.0000e+00	0.0000e+00	0.0000e+00	0.0000e+00	0.0000e+00	0.0000e+00	0.0000e+00	0.0000e+00	0.0000e+00
