
 6 Elementos 
 

 
 Elemento 1 
9.6667e+07	0.0000e+00	-9.6667e+07	0.0000e+00
0.0000e+00	0.0000e+00	0.0000e+00	0.0000e+00
-9.6667e+07	0.0000e+00	9.6667e+07	0.0000e+00
0.0000e+00	0.0000e+00	0.0000e+00	0.0000e+00

 
 Elemento 2 
9.6667e+07	0.0000e+00	-9.6667e+07	0.0000e+00
0.0000e+00	0.0000e+00	0.0000e+00	0.0000e+00
-9.6667e+07	0.0000e+00	9.6667e+07	0.0000e+00
0.0000e+00	0.0000e+00	0.0000e+00	0.0000e+00

 
 Elemento 3 
9.6667e+07	0.0000e+00	-9.6667e+07	0.0000e+00
0.0000e+00	0.0000e+00	0.0000e+00	0.0000e+00
-9.6667e+07	0.0000e+00	9.6667e+07	0.0000e+00
0.0000e+00	0.0000e+00	0.0000e+00	0.0000e+00

 
 Elemento 4 
9.6667e+07	0.0000e+00	-9.6667e+07	0.0000e+00
0.0000e+00	0.0000e+00	0.0000e+00	0.0000e+00
-9.6667e+07	0.0000e+00	9.6667e+07	0.0000e+00
0.0000e+00	0.0000e+00	0.0000e+00	0.0000e+00

 
 Elemento 5 
9.6667e+07	0.0000e+00	-9.6667e+07	0.0000e+00
0.0000e+00	0.0000e+00	0.0000e+00	0.0000e+00
-9.6667e+07	0.0000e+00	9.6667e+07	0.0000e+00
0.0000e+00	0.0000e+00	0.0000e+00	0.0000e+00

 
 Elemento 6 
9.6667e+07	0.0000e+00	-9.6667e+07	0.0000e+00
0.0000e+00	0.0000e+00	0.0000e+00	0.0000e+00
-9.6667e+07	0.0000e+00	9.6667e+07	0.0000e+00
0.0000e+00	0.0000e+00	0.0000e+00	0.0000e+00

 Matriz Global 
9.6667e+07	0.0000e+00	-9.6667e+07	0.0000e+00	0.0000e+00	0.0000e+00	0.0000e+00	0.0000e+00	0.0000e+00	0.0000e+00	0.0000e+00	0.0000e+00	0.0000e+00	0.0000e+00
0.0000e+00	0.0000e+00	0.0000e+00	0.0000e+00	0.0000e+00	0.0000e+00	0.0000e+00	0.0000e+00	0.0000e+00	0.0000e+00	0.0000e+00	0.0000e+00	0.0000e+00	0.0000e+00
-9.6667e+07	0.0000e+00	1.9333e+08	0.0000e+00	-9.6667e+07	0.0000e+00	0.0000e+00	0.0000e+00	0.0000e+00	0.0000e+00	0.0000e+00	0.0000e+00	0.0000e+00	0.0000e+00
0.0000e+00	0.0000e+00	0.0000e+00	0.0000e+00	0.0000e+00	0.0000e+00	0.0000e+00	0.0000e+00	0.0000e+00	0.0000e+00	0.0000e+00	0.0000e+00	0.0000e+00	0.0000e+00
0.0000e+00	0.0000e+00	-9.6667e+07	0.0000e+00	1.9333e+08	0.0000e+00	-9.6667e+07	0.0000e+00	0.0000e+00	0.0000e+00	0.0000e+00	0.0000e+00	0.0000e+00	0.0000e+00
0.0000e+00	0.0000e+00	0.0000e+00	0.0000e+00	0.0000e+00	0.0000e+00	0.0000e+00	0.0000e+00	0.0000e+00	0.0000e+00	0.0000e+00	0.0000e+00	0.0000e+00	0.0000e+00
0.0000e+00	0.0000e+00	0.0000e+00	0.0000e+00	-9.6667e+07	0.0000e+00	1.9333e+08	0.0000e+00	-9.6667e+07	0.0000e+00	0.0000e+00	0.0000e+00	0.0000e+00	0.0000e+00
0.0000e+00	0.0000e+00	0.0000e+00	0.0000e+00	0.0000e+00	0.0000e+00	0.0000e+00	0.0000e+00	0.0000e+00	0.0000e+00	0.0000e+00	0.0000e+00	0.0000e+00	0.0000e+00
0.0000e+00	0.0000e+00	0.0000e+00	0.0000e+00	0.0000e+00	0.0000e+00	-9.6667e+07	0.0000e+00	1.9333e+08	0.0000e+00	-9.6667e+07	0.0000e+00	0.0000e+00	0.0000e+00
0.0000e+00	0.0000e+00	0.0000e+00	0.0000e+00	0.0000e+00	0.0000e+00	0.0000e+00	0.0000e+00	0.0000e+00	0.0000e+00	0.0000e+00	0.0000e+00	0.0000e+00	0.0000e+00
0.0000e+00	0.0000e+00	0.0000e+00	0.0000e+00	0.0000e+00	0.0000e+00	0.0000e+00	0.0000e+00	-9.6667e+07	0.0000e+00	1.9333e+08	0.0000e+00	-9.6667e+07	0.0000e+00
0.0000e+00	0.0000e+00	0.0000e+00	0.0000e+00	0.0000e+00	0.0000e+00	0.0000e+00	0.0000e+00	0.0000e+00	0.0000e+00	0.0000e+00	0.0000e+00	0.0000e+00	0.0000e+00
0.0000e+00	0.0000e+00	0.0000e+00	0.0000e+00	0.0000e+00	0.0000e+00	0.0000e+00	0.0000e+00	0.0000e+00	0.0000e+00	-9.6667e+07	0.0000e+00	9.6667e+07	0.0000e+00
0.0000e+00	0.0000e+00	0.0000e+00	0.0000e+00	0.0000e+00	0.0000e+00	0.0000e+00	0.0000e+00	0.0000e+00	0.0000e+00	0.0000e+00	0.0000e+00	0.0000e+00	0.0000e+00
