
 4 Elementos 
 

 
 Elemento 1 
6.4444e+07	0.0000e+00	-6.4444e+07	0.0000e+00
0.0000e+00	0.0000e+00	0.0000e+00	0.0000e+00
-6.4444e+07	0.0000e+00	6.4444e+07	0.0000e+00
0.0000e+00	0.0000e+00	0.0000e+00	0.0000e+00

 
 Elemento 2 
6.4444e+07	0.0000e+00	-6.4444e+07	0.0000e+00
0.0000e+00	0.0000e+00	0.0000e+00	0.0000e+00
-6.4444e+07	0.0000e+00	6.4444e+07	0.0000e+00
0.0000e+00	0.0000e+00	0.0000e+00	0.0000e+00

 
 Elemento 3 
6.4444e+07	0.0000e+00	-6.4444e+07	0.0000e+00
0.0000e+00	0.0000e+00	0.0000e+00	0.0000e+00
-6.4444e+07	0.0000e+00	6.4444e+07	0.0000e+00
0.0000e+00	0.0000e+00	0.0000e+00	0.0000e+00

 
 Elemento 4 
6.4444e+07	0.0000e+00	-6.4444e+07	0.0000e+00
0.0000e+00	0.0000e+00	0.0000e+00	0.0000e+00
-6.4444e+07	0.0000e+00	6.4444e+07	0.0000e+00
0.0000e+00	0.0000e+00	0.0000e+00	0.0000e+00

 Matriz Global 
6.4444e+07	0.0000e+00	-6.4444e+07	0.0000e+00	0.0000e+00	0.0000e+00	0.0000e+00	0.0000e+00	0.0000e+00	0.0000e+00
0.0000e+00	0.0000e+00	0.0000e+00	0.0000e+00	0.0000e+00	0.0000e+00	0.0000e+00	0.0000e+00	0.0000e+00	0.0000e+00
-6.4444e+07	0.0000e+00	1.2889e+08	0.0000e+00	-6.4444e+07	0.0000e+00	0.0000e+00	0.0000e+00	0.0000e+00	0.0000e+00
0.0000e+00	0.0000e+00	0.0000e+00	0.0000e+00	0.0000e+00	0.0000e+00	0.0000e+00	0.0000e+00	0.0000e+00	0.0000e+00
0.0000e+00	0.0000e+00	-6.4444e+07	0.0000e+00	1.2889e+08	0.0000e+00	-6.4444e+07	0.0000e+00	0.0000e+00	0.0000e+00
0.0000e+00	0.0000e+00	0.0000e+00	0.0000e+00	0.0000e+00	0.0000e+00	0.0000e+00	0.0000e+00	0.0000e+00	0.0000e+00
0.0000e+00	0.0000e+00	0.0000e+00	0.0000e+00	-6.4444e+07	0.0000e+00	1.2889e+08	0.0000e+00	-6.4444e+07	0.0000e+00
0.0000e+00	0.0000e+00	0.0000e+00	0.0000e+00	0.0000e+00	0.0000e+00	0.0000e+00	0.0000e+00	0.0000e+00	0.0000e+00
0.0000e+00	0.0000e+00	0.0000e+00	0.0000e+00	0.0000e+00	0.0000e+00	-6.4444e+07	0.0000e+00	6.4444e+07	0.0000e+00
0.0000e+00	0.0000e+00	0.0000e+00	0.0000e+00	0.0000e+00	0.0000e+00	0.0000e+00	0.0000e+00	0.0000e+00	0.0000e+00
